-0.035417	-4.3855E-07	1	11000000	1.6165E-10	8.9884E-11	1.8477E-10	-0.0003686	0.00082344	0.00090212
-0.035422	6.5192E-06	1	11000000	9.1315E-11	5.9605E-12	9.1315E-11	0.000014007	0.000069738	0.000071109
-0.035432	1.2085E-06	1	11000000	6.0797E-11	0	6.0797E-11	0.000050307	7.1526E-07	0.000050307
-0.035435	1.1121E-06	1	11000000	5.9128E-11	0	5.9128E-11	0.000053168	-3.2187E-06	0.000053287
-0.035441	1.0497E-06	1	11000000	5.9128E-11	0	5.9128E-11	0.000056327	-6.1989E-06	0.000056684
-0.035458	1.0961E-06	1	11000000	5.9128E-11	0	5.9128E-11	0.000053942	-2.8014E-06	0.000054062
-0.035455	0.000001106	1	11000000	6.032E-11	0	6.032E-11	0.000054538	-2.7418E-06	0.000054598
-0.035467	1.0842E-06	1	11000000	5.9128E-11	0	5.9128E-11	0.000054538	-3.2783E-06	0.000054658
-0.035484	1.0333E-06	1	11000000	5.9128E-11	0	5.9128E-11	0.000057221	-3.9935E-06	0.00005734
-0.035455	1.0954E-06	1	11000000	6.2943E-11	0	6.2943E-11	0.000057459	-3.1591E-06	0.000057578
-0.035375	1.0756E-06	1	11000000	5.9366E-11	0	5.9366E-11	0.000055194	-3.8743E-06	0.000055313
-0.035265	1.1692E-06	1	11000000	6.795E-11	0	6.795E-11	0.000058115	-3.8743E-06	0.000058294
-0.035134	1.1543E-06	1	11000000	6.5089E-11	0	6.5089E-11	0.000056386	-1.3709E-06	0.000056386
-0.034979	1.0925E-06	1	11000000	5.9128E-11	0	5.9128E-11	0.000054121	-3.5763E-06	0.00005424
-0.034819	1.0206E-06	1	11000000	5.9128E-11	0	5.9128E-11	0.000057936	-2.9802E-06	0.000057996
-0.034649	1.0598E-06	1	11000000	5.9128E-11	0	5.9128E-11	0.00005579	-4.5896E-06	0.000056029
-0.034467	1.0794E-06	1	11000000	5.9128E-11	0	5.9128E-11	0.000054777	-2.8014E-06	0.000054896
-0.034263	0.000001004	1	11000000	5.9128E-11	0	5.9128E-11	0.00005889	-4.0531E-06	0.000059009
-0.034079	1.0366E-06	1	11000000	6.2466E-11	0	6.2466E-11	0.00006026	-0.000005126	0.000060439
-0.033894	0.000001029	1	11000000	5.9128E-11	0	5.9128E-11	0.000057459	-4.0531E-06	0.000057578
-0.03371	1.0081E-06	1	11000000	5.9128E-11	0	5.9128E-11	0.000058651	-4.4108E-06	0.00005877
-0.033508	9.716E-07	1	11000000	5.9128E-11	0	5.9128E-11	0.000060857	-4.0531E-06	0.000060976
-0.033311	9.5293E-07	1	11000000	5.9128E-11	0	5.9128E-11	0.000062049	-2.5034E-06	0.000062049
-0.033125	9.783E-07	1	11000000	5.9128E-11	0	5.9128E-11	0.000060439	-4.9472E-06	0.000060618
-0.032922	9.9899E-07	1	11000000	5.9128E-11	0	5.9128E-11	0.000059188	-6.2585E-06	0.000059545
-0.032725	9.9498E-07	1	11000000	5.9128E-11	0	5.9128E-11	0.000059426	-2.8014E-06	0.000059486
-0.032537	9.9698E-07	1	11000000	5.9128E-11	0	5.9128E-11	0.000059307	-4.1723E-06	0.000059426
-0.032341	9.783E-07	1	11000000	5.9128E-11	0	5.9128E-11	0.000060439	-4.9472E-06	0.000060618
-0.032143	9.4837E-07	1	11000000	5.9128E-11	0	5.9128E-11	0.000062347	-7.8679E-06	0.000062824
-0.031958	9.851E-07	1	11000000	5.9128E-11	0	5.9128E-11	0.000060022	-4.7088E-06	0.00006026
-0.031757	9.7927E-07	1	11000000	5.9128E-11	0	5.9128E-11	0.00006038	-3.4571E-06	0.000060439
-0.031538	9.3761E-07	1	11000000	5.9128E-11	0	5.9128E-11	0.000063062	-0.00000453	0.000063181
-0.031328	9.783E-07	1	11000000	5.9128E-11	0	5.9128E-11	0.000060439	-4.7088E-06	0.000060618
-0.031123	9.4296E-07	1	11000000	5.9128E-11	0	5.9128E-11	0.000062705	-3.4571E-06	0.000062824
-0.030907	9.511E-07	1	11000000	5.9128E-11	0	5.9128E-11	0.000062168	-5.2452E-06	0.000062407
-0.030682	9.4028E-07	1	11000000	5.9128E-11	0	5.9128E-11	0.000062883	-0.000005126	0.000063062
-0.030462	9.3585E-07	1	11000000	5.9128E-11	0	5.9128E-11	0.000063181	-4.8876E-06	0.00006336
-0.030252	9.6031E-07	1	11000000	5.9128E-11	0	5.9128E-11	0.000061572	-5.5433E-06	0.000061811
-0.030033	9.7064E-07	1	11000000	5.9128E-11	0	5.9128E-11	0.000060916	-6.6161E-06	0.000061274
-0.029814	9.7542E-07	1	11000000	5.9128E-11	0	5.9128E-11	0.000060618	-5.2452E-06	0.000060857
-0.029596	9.4117E-07	1	11000000	5.9128E-11	0	5.9128E-11	0.000062824	-3.9339E-06	0.000062943
-0.029369	9.0428E-07	1	11000000	5.9128E-11	0	5.9128E-11	0.000065387	-4.1723E-06	0.000065506
-0.029142	9.1937E-07	1	11000000	5.9128E-11	0	5.9128E-11	0.000064314	-6.2585E-06	0.000064612
-0.028916	9.0842E-07	1	11000000	5.9128E-11	0	5.9128E-11	0.000065089	-5.3048E-06	0.000065327
-0.028685	9.0428E-07	1	11000000	5.9128E-11	0	5.9128E-11	0.000065387	-6.2585E-06	0.000065685
-0.028447	8.6111E-07	1	11000000	5.9128E-11	0	5.9128E-11	0.000068665	-4.7684E-06	0.000068844
-0.028199	8.9128E-07	1	11000000	5.9128E-11	0	5.9128E-11	0.00006634	-7.8679E-06	0.000066817
-0.027961	8.7324E-07	1	11000000	5.9128E-11	0	5.9128E-11	0.000067711	-8.1063E-06	0.000068188
-0.02773	8.4931E-07	1	11000000	5.9128E-11	0	5.9128E-11	0.000069619	-6.4373E-06	0.000069917
-0.027505	8.6637E-07	1	11000000	5.9128E-11	0	5.9128E-11	0.000068248	-3.2783E-06	0.000068307
-0.027292	8.6637E-07	1	11000000	5.9128E-11	0	5.9128E-11	0.000068248	-5.1856E-06	0.000068486
-0.027076	8.8256E-07	1	11000000	5.9128E-11	0	5.9128E-11	0.000066996	-5.3644E-06	0.000067175
-0.026834	8.6186E-07	1	11000000	5.9128E-11	0	5.9128E-11	0.000068605	-3.8743E-06	0.000068725
-0.026592	8.7094E-07	1	11000000	5.9128E-11	0	5.9128E-11	0.00006789	-7.7487E-06	0.000068307
-0.026352	8.4714E-07	1	11000000	5.9128E-11	0	5.9128E-11	0.000069798	-7.0334E-06	0.000070155
-0.026103	8.2392E-07	1	11000000	5.9128E-11	0	5.9128E-11	0.000071764	-5.3644E-06	0.000071943
-0.025852	8.2392E-07	1	11000000	5.9128E-11	0	5.9128E-11	0.000071764	-6.2585E-06	0.000072003
-0.025599	8.2804E-07	1	11000000	5.9128E-11	0	5.9128E-11	0.000071407	-6.8546E-06	0.000071705
-0.025351	8.0979E-07	1	11000000	5.9128E-11	0	5.9128E-11	0.000073016	-5.4241E-06	0.000073255
-0.025116	8.0716E-07	1	11000000	5.9128E-11	0	5.9128E-11	0.000073255	-5.9009E-06	0.000073493
-0.024882	8.2666E-07	1	11000000	5.9128E-11	0	5.9128E-11	0.000071526	-6.9738E-06	0.000071884
-0.024631	8.0781E-07	1	11000000	5.9128E-11	0	5.9128E-11	0.000073195	-6.4373E-06	0.000073493
-0.024373	8.0454E-07	1	11000000	5.9128E-11	0	5.9128E-11	0.000073493	-6.0201E-06	0.000073731
-0.024124	7.9871E-07	1	11000000	5.9128E-11	0	5.9128E-11	0.000074029	-8.1659E-06	0.000074447
-0.023877	8.0979E-07	1	11000000	5.9128E-11	0	5.9128E-11	0.000073016	-6.6758E-06	0.000073314
-0.023635	7.9935E-07	1	11000000	5.9128E-11	0	5.9128E-11	0.00007397	-8.7023E-06	0.000074506
-0.023393	7.7078E-07	1	11000000	5.9128E-11	0	5.9128E-11	0.000076712	-9.5964E-06	0.000077308
-0.023135	7.7319E-07	1	11000000	5.9128E-11	0	5.9128E-11	0.000076473	-7.2122E-06	0.000076771
-0.022875	7.678E-07	1	11000000	5.9128E-11	0	5.9128E-11	0.00007701	-7.1526E-06	0.000077308
-0.022599	7.5265E-07	1	11000000	5.9128E-11	0	5.9128E-11	0.000078559	-0.000007391	0.000078857
-0.022308	7.4586E-07	1	11000000	5.9128E-11	0	5.9128E-11	0.000079275	-8.5235E-06	0.000079751
-0.02202	7.414E-07	1	11000000	5.9128E-11	0	5.9128E-11	0.000079751	-9.1792E-06	0.000080288
-0.021734	0.000000737	1	11000000	5.9128E-11	0	5.9128E-11	0.000080228	-8.1063E-06	0.000080646
-0.021449	7.359E-07	1	11000000	5.9128E-11	0	5.9128E-11	0.000080348	-8.7023E-06	0.000080824
-0.021178	7.3102E-07	1	11000000	5.9128E-11	0	5.9128E-11	0.000080884	-8.7619E-06	0.000081361
-0.020894	7.1832E-07	1	11000000	5.9128E-11	0	5.9128E-11	0.000082315	-7.5102E-06	0.000082672
-0.020606	7.225E-07	1	11000000	5.9128E-11	0	5.9128E-11	0.000081838	-5.6029E-06	0.000082017
-0.020312	6.9663E-07	1	11000000	5.9128E-11	0	5.9128E-11	0.000084878	-7.8679E-06	0.000085235
-0.020025	7.178E-07	1	11000000	5.9128E-11	0	5.9128E-11	0.000082374	-8.1063E-06	0.000082791
-0.019747	7.0806E-07	1	11000000	5.9128E-11	0	5.9128E-11	0.000083507	-7.9871E-06	0.000083864
-0.019452	6.9468E-07	1	11000000	5.9128E-11	0	5.9128E-11	0.000085116	-8.2255E-06	0.000085533
-0.019149	6.8555E-07	1	11000000	5.9128E-11	0	5.9128E-11	0.000086248	-9.1196E-06	0.000086725
-0.01885	6.7118E-07	1	11000000	5.9128E-11	0	5.9128E-11	0.000088096	-8.8812E-06	0.000088513
-0.018538	6.8179E-07	1	11000000	5.9128E-11	0	5.9128E-11	0.000086725	-9.5964E-06	0.000087202
-0.018235	6.8319E-07	1	11000000	5.9128E-11	0	5.9128E-11	0.000086546	-0.000009656	0.000087083
-0.017942	6.5135E-07	1	11000000	5.9128E-11	0	5.9128E-11	0.000090778	-9.8348E-06	0.000091315
-0.017645	6.522E-07	1	11000000	5.9128E-11	0	5.9128E-11	0.000090659	-0.000011146	0.000091315
-0.01734	6.4964E-07	1	11000000	5.9128E-11	0	5.9128E-11	0.000091017	-0.000011146	0.000091672
-0.017022	6.3468E-07	1	11000000	5.9128E-11	0	5.9128E-11	0.000093162	-9.5964E-06	0.000093639
-0.016695	6.3959E-07	1	11000000	5.9128E-11	0	5.9128E-11	0.000092447	-0.000011086	0.000093103
-0.016371	6.2587E-07	1	11000000	5.9128E-11	0	5.9128E-11	0.000094474	-0.000011325	0.000095189
-0.016041	6.2904E-07	1	11000000	5.9128E-11	0	5.9128E-11	0.000093997	-0.000011623	0.000094712
-0.015701	6.1462E-07	1	11000000	5.9128E-11	0	5.9128E-11	0.000096202	-0.00001204	0.000096977
-0.01536	6.1009E-07	1	11000000	5.9128E-11	0	5.9128E-11	0.000096918	-0.000010669	0.000097514
-0.015017	6.0085E-07	1	11000000	5.9128E-11	0	5.9128E-11	0.000098408	-0.000011921	0.000099123
-0.014668	5.8942E-07	1	11000000	5.9128E-11	0	5.9128E-11	0.00010032	-0.00001204	0.00010103
-0.014315	5.8113E-07	1	11000000	5.9128E-11	0	5.9128E-11	0.00010175	-0.000011504	0.0001024
-0.013964	5.7978E-07	1	11000000	5.9128E-11	0	5.9128E-11	0.00010198	-0.000011921	0.00010264
-0.013599	5.7708E-07	1	11000000	5.9128E-11	0	5.9128E-11	0.00010246	-0.000012756	0.00010324
-0.013225	5.6718E-07	1	11000000	5.9128E-11	0	5.9128E-11	0.00010425	-0.00001365	0.00010514
-0.012844	5.6236E-07	1	11000000	5.9128E-11	0	5.9128E-11	0.00010514	-0.000014722	0.00010622
-0.012455	5.4416E-07	1	11000000	5.9128E-11	0	5.9128E-11	0.00010866	-0.000015438	0.00010979
-0.012071	5.342E-07	1	11000000	5.9128E-11	0	5.9128E-11	0.00011069	-0.000016451	0.00011188
-0.011681	5.319E-07	1	11000000	5.9128E-11	0	5.9128E-11	0.00011116	-0.000017107	0.00011247
-0.011285	5.3162E-07	1	11000000	5.9128E-11	0	5.9128E-11	0.00011122	-0.000016511	0.00011242
-0.01088	5.1964E-07	1	11000000	5.9128E-11	0	5.9128E-11	0.00011379	-0.000018239	0.00011528
-0.010467	5.0304E-07	1	11000000	5.9128E-11	0	5.9128E-11	0.00011754	-0.00001806	0.00011891
-0.01005	4.9799E-07	1	11000000	5.9128E-11	0	5.9128E-11	0.00011873	-0.000019014	0.00012022
-0.0096274	4.906E-07	1	11000000	5.9128E-11	0	5.9128E-11	0.00012052	-0.000018537	0.00012189
-0.0091936	4.7624E-07	1	11000000	5.9128E-11	0	5.9128E-11	0.00012416	-0.000018537	0.00012553
-0.0087454	4.6573E-07	1	11000000	5.9128E-11	0	5.9128E-11	0.00012696	-0.000021875	0.00012881
-0.008286	4.642E-07	1	11000000	5.9128E-11	0	5.9128E-11	0.00012738	-0.000021637	0.00012922
-0.0078156	4.5132E-07	1	11000000	5.9128E-11	0	5.9128E-11	0.00013101	-0.000022173	0.00013292
-0.007331	4.4167E-07	1	11000000	5.9128E-11	0	5.9128E-11	0.00013387	-0.000023305	0.00013584
-0.0068356	4.3149E-07	1	11000000	5.9128E-11	0	5.9128E-11	0.00013703	-0.000025511	0.00013942
-0.0063287	4.3093E-07	1	11000000	5.9128E-11	0	5.9128E-11	0.00013721	-0.000024736	0.00013942
-0.0058126	4.1576E-07	1	11000000	5.9128E-11	0	5.9128E-11	0.00014222	-0.000026345	0.0001446
-0.0052801	4.1213E-07	1	11000000	5.9128E-11	0	5.9128E-11	0.00014347	-0.000028908	0.00014639
-0.0047376	4.1093E-07	1	11000000	5.9128E-11	0	5.9128E-11	0.00014389	-0.000029683	0.00014687
-0.0041782	3.9318E-07	1	11000000	5.9128E-11	0	5.9128E-11	0.00015038	-0.000029802	0.0001533
-0.0036082	3.8795E-07	1	11000000	5.9128E-11	0	5.9128E-11	0.00015241	-0.000030816	0.00015545
-0.0030244	3.9024E-07	1	11000000	5.9128E-11	0	5.9128E-11	0.00015152	-0.00003326	0.00015509
-0.0024286	3.9024E-07	1	11000000	5.9128E-11	0	5.9128E-11	0.00015152	-0.000032008	0.00015485
-0.0018246	3.8963E-07	1	11000000	5.9128E-11	0	5.9128E-11	0.00015175	-0.00003022	0.00015474
-0.0012098	3.9024E-07	1	11000000	5.9128E-11	0	5.9128E-11	0.00015152	-0.000031293	0.00015468
-0.00059124	3.9209E-07	1	11000000	5.9128E-11	0	5.9128E-11	0.0001508	-0.000030995	0.0001539
0.000029312	4.0162E-07	1	11000000	5.9128E-11	0	5.9128E-11	0.00014722	-0.000029087	0.00015008
0.00064831	4.0374E-07	1	11000000	5.9128E-11	0	5.9128E-11	0.00014645	-0.00003016	0.00014955
0.0012635	4.1179E-07	1	11000000	5.9128E-11	0	5.9128E-11	0.00014359	-0.000028789	0.00014639
0.0018715	4.1733E-07	1	11000000	5.9128E-11	0	5.9128E-11	0.00014168	-0.000026524	0.00014412
0.0024754	4.2321E-07	1	11000000	5.9128E-11	0	5.9128E-11	0.00013971	-0.000024974	0.00014192
0.0030685	4.3375E-07	1	11000000	5.9128E-11	0	5.9128E-11	0.00013632	-0.000024736	0.00013858
0.0036492	4.4069E-07	1	11000000	5.9128E-11	0	5.9128E-11	0.00013417	-0.00002265	0.00013608
0.0042163	4.4404E-07	1	11000000	5.9128E-11	0	5.9128E-11	0.00013316	-0.000022173	0.000135
0.0047746	4.5798E-07	1	11000000	5.9128E-11	0	5.9128E-11	0.0001291	-0.000021815	0.00013095
0.0053159	4.6682E-07	1	11000000	5.9128E-11	0	5.9128E-11	0.00012666	-0.000019849	0.00012821
0.0058459	4.6925E-07	1	11000000	5.9128E-11	0	5.9128E-11	0.000126	-0.000020385	0.00012767
0.006368	4.8509E-07	1	11000000	5.9128E-11	0	5.9128E-11	0.00012189	-0.000019849	0.00012344
0.0068762	4.9575E-07	1	11000000	5.9128E-11	0	5.9128E-11	0.00011927	-0.000017464	0.00012058
0.0073724	4.9849E-07	1	11000000	5.9128E-11	0	5.9128E-11	0.00011861	-0.000016391	0.00011975
0.0078586	5.0586E-07	1	11000000	5.9128E-11	0	5.9128E-11	0.00011689	-0.000019252	0.00011844
0.0083341	5.1964E-07	1	11000000	5.9128E-11	0	5.9128E-11	0.00011379	-0.000015974	0.00011492
0.0088031	5.2376E-07	1	11000000	5.9128E-11	0	5.9128E-11	0.00011289	-0.000016391	0.00011402
0.0092628	5.2935E-07	1	11000000	5.9128E-11	0	5.9128E-11	0.0001117	-0.00001657	0.00011289
0.0097146	5.3825E-07	1	11000000	5.9128E-11	0	5.9128E-11	0.00010985	-0.000014186	0.00011075
0.010156	5.406E-07	1	11000000	5.9128E-11	0	5.9128E-11	0.00010938	-0.000014067	0.00011027
0.010586	5.5982E-07	1	11000000	5.9128E-11	0	5.9128E-11	0.00010562	-0.000012875	0.00010634
0.011004	5.6848E-07	1	11000000	5.9128E-11	0	5.9128E-11	0.00010401	-0.000013947	0.00010496
0.01141	5.7374E-07	1	11000000	5.9128E-11	0	5.9128E-11	0.00010306	-0.000014782	0.00010407
0.011812	5.8012E-07	1	11000000	5.9128E-11	0	5.9128E-11	0.00010192	-0.000014544	0.00010294
0.012208	5.8698E-07	1	11000000	5.9128E-11	0	5.9128E-11	0.00010073	-0.000013053	0.00010157
0.012597	5.9118E-07	1	11000000	5.9128E-11	0	5.9128E-11	0.00010002	-0.00001204	0.00010073
0.012984	5.9867E-07	1	11000000	5.9128E-11	0	5.9128E-11	0.000098765	-0.000011861	0.000099481
0.013366	6.1084E-07	1	11000000	5.9128E-11	0	5.9128E-11	0.000096798	-0.000011206	0.000097454
0.013743	6.2233E-07	1	11000000	5.9128E-11	0	5.9128E-11	0.00009501	-0.000011981	0.000095785
0.014114	6.2194E-07	1	11000000	5.9128E-11	0	5.9128E-11	0.00009507	-0.000011623	0.000095785
0.01448	6.3427E-07	1	11000000	5.9128E-11	0	5.9128E-11	0.000093222	-0.000009954	0.000093759
0.014841	6.363E-07	1	11000000	5.9128E-11	0	5.9128E-11	0.000092924	-0.000010848	0.00009358
0.01519	6.4625E-07	1	11000000	5.9128E-11	0	5.9128E-11	0.000091494	-0.000010669	0.000092149
0.01554	6.4879E-07	1	11000000	5.9128E-11	0	5.9128E-11	0.000091136	-9.8348E-06	0.000091672
0.015884	6.5478E-07	1	11000000	5.9128E-11	0	5.9128E-11	0.000090301	-0.000010491	0.000090898
0.016225	6.6891E-07	1	11000000	5.9128E-11	0	5.9128E-11	0.000088394	-0.000010848	0.00008905
0.016562	6.7713E-07	1	11000000	5.9128E-11	0	5.9128E-11	0.000087321	-9.2388E-06	0.000087798
0.016891	6.7437E-07	1	11000000	5.9128E-11	0	5.9128E-11	0.000087679	-0.000009954	0.000088215
0.017218	6.9033E-07	1	11000000	5.9128E-11	0	5.9128E-11	0.000085652	-8.8812E-06	0.00008607
0.017541	6.8745E-07	1	11000000	5.9128E-11	0	5.9128E-11	0.00008601	-8.2851E-06	0.000086427
0.017859	6.9322E-07	1	11000000	5.9128E-11	0	5.9128E-11	0.000085295	-8.7023E-06	0.000085712
0.018176	7.0605E-07	1	11000000	5.9128E-11	0	5.9128E-11	0.000083745	-0.000010133	0.000084341
0.018493	7.1573E-07	1	11000000	5.9128E-11	0	5.9128E-11	0.000082612	-9.1196E-06	0.000083089
0.01881	7.0605E-07	1	11000000	5.9128E-11	0	5.9128E-11	0.000083745	-8.7619E-06	0.000084222
0.019123	7.1832E-07	1	11000000	5.9128E-11	0	5.9128E-11	0.000082315	-0.000009954	0.00008291
0.019428	7.2621E-07	1	11000000	5.9128E-11	0	5.9128E-11	0.00008142	-8.7619E-06	0.000081897
0.019725	7.2621E-07	1	11000000	5.9128E-11	0	5.9128E-11	0.00008142	-8.6427E-06	0.000081897
0.020019	7.403E-07	1	11000000	5.9128E-11	0	5.9128E-11	0.000079871	-8.2255E-06	0.000080348
0.020313	7.3156E-07	1	11000000	5.9128E-11	0	5.9128E-11	0.000080824	-8.4043E-06	0.000081242
0.020609	7.3536E-07	1	11000000	5.9128E-11	0	5.9128E-11	0.000080407	-7.9275E-06	0.000080824
0.0209	7.4196E-07	1	11000000	5.9128E-11	0	5.9128E-11	0.000079692	-8.2851E-06	0.000080109
0.021185	7.4868E-07	1	11000000	5.9128E-11	0	5.9128E-11	0.000078977	-6.7353E-06	0.000079275
0.02147	7.7926E-07	1	11000000	5.9128E-11	0	5.9128E-11	0.000075877	-8.0467E-06	0.000076294
0.021759	7.7804E-07	1	11000000	5.9128E-11	0	5.9128E-11	0.000075996	-8.6427E-06	0.000076473
0.022044	7.7138E-07	1	11000000	5.9128E-11	0	5.9128E-11	0.000076652	-8.0467E-06	0.000077069
0.022325	7.8233E-07	1	11000000	5.9128E-11	0	5.9128E-11	0.000075579	-5.9009E-06	0.000075818
0.022598	7.7379E-07	1	11000000	5.9128E-11	0	5.9128E-11	0.000076414	-6.1393E-06	0.000076652
0.022874	7.7743E-07	1	11000000	5.9128E-11	0	5.9128E-11	0.000076056	-8.5831E-06	0.000076533
0.023144	7.917E-07	1	11000000	5.9128E-11	0	5.9128E-11	0.000074685	-7.0334E-06	0.000075043
0.023407	7.8481E-07	1	11000000	5.9128E-11	0	5.9128E-11	0.000075341	-6.9738E-06	0.000075639
0.023675	7.9296E-07	1	11000000	5.9128E-11	0	5.9128E-11	0.000074566	-8.4639E-06	0.000075043
0.023945	8.0454E-07	1	11000000	5.9128E-11	0	5.9128E-11	0.000073493	-8.2255E-06	0.00007391
0.024212	8.1646E-07	1	11000000	5.9128E-11	0	5.9128E-11	0.00007242	-6.7353E-06	0.000072718
0.024473	8.065E-07	1	11000000	5.9128E-11	0	5.9128E-11	0.000073314	-7.8083E-06	0.000073731
0.024737	8.3501E-07	1	11000000	5.9128E-11	0	5.9128E-11	0.000070811	-9.1196E-06	0.000071407
0.024997	8.3501E-07	1	11000000	5.9128E-11	0	5.9128E-11	0.000070811	-5.1856E-06	0.000071049
0.025265	8.178E-07	1	11000000	5.9128E-11	0	5.9128E-11	0.000072301	-4.1127E-06	0.00007242
0.02553	8.3642E-07	1	11000000	5.9128E-11	0	5.9128E-11	0.000070692	-7.7487E-06	0.000071109
0.025789	8.4931E-07	1	11000000	5.9128E-11	0	5.9128E-11	0.000069619	-7.3314E-06	0.000069976
0.026037	8.4282E-07	1	11000000	5.9128E-11	0	5.9128E-11	0.000070155	-8.5831E-06	0.000070692
0.026283	8.3221E-07	1	11000000	5.9128E-11	0	5.9128E-11	0.000071049	-6.9142E-06	0.000071407
0.026527	8.4931E-07	1	11000000	5.9128E-11	0	5.9128E-11	0.000069619	-6.1393E-06	0.000069857
0.026769	8.3431E-07	1	11000000	5.9128E-11	0	5.9128E-11	0.00007087	-6.5565E-06	0.000071228
0.027015	8.3925E-07	1	11000000	5.9128E-11	0	5.9128E-11	0.000070453	-5.9009E-06	0.000070692
0.027263	8.5665E-07	1	11000000	5.9128E-11	0	5.9128E-11	0.000069023	-3.3379E-06	0.000069082
0.027505	8.6789E-07	1	11000000	5.9128E-11	0	5.9128E-11	0.000068129	-8.5235E-06	0.000068605
0.027741	8.8571E-07	1	11000000	5.9128E-11	0	5.9128E-11	0.000066758	-6.4373E-06	0.000067056
0.027979	8.9369E-07	1	11000000	5.9128E-11	0	5.9128E-11	0.000066162	-6.3777E-06	0.00006646
0.028225	8.8177E-07	1	11000000	5.9128E-11	0	5.9128E-11	0.000067056	-6.0201E-06	0.000067294
0.028475	8.6941E-07	1	11000000	5.9128E-11	0	5.9128E-11	0.000068009	-5.7221E-06	0.000068248
0.028725	8.4641E-07	1	11000000	5.9128E-11	0	5.9128E-11	0.000069857	-6.1393E-06	0.000070155
0.028972	9.0263E-07	1	11000000	5.9128E-11	0	5.9128E-11	0.000065506	-0.000007093	0.000065923
0.029215	8.9611E-07	1	11000000	5.9128E-11	0	5.9128E-11	0.000065983	-7.5698E-06	0.00006646
0.029451	9.1513E-07	1	11000000	5.9128E-11	0	5.9128E-11	0.000064612	-5.9009E-06	0.00006485
0.029682	9.0925E-07	1	11000000	5.9128E-11	0	5.9128E-11	0.000065029	-6.4373E-06	0.000065327
0.029908	9.1597E-07	1	11000000	5.9128E-11	0	5.9128E-11	0.000064552	-5.1856E-06	0.000064791
0.030127	9.2022E-07	1	11000000	5.9128E-11	0	5.9128E-11	0.000064254	-5.3048E-06	0.000064493
0.030336	9.2022E-07	1	11000000	5.9128E-11	0	5.9128E-11	0.000064254	-5.0664E-06	0.000064493
0.030543	9.5293E-07	1	11000000	5.9128E-11	0	5.9128E-11	0.000062049	-4.6492E-06	0.000062228
0.030755	9.4928E-07	1	11000000	5.9128E-11	0	5.9128E-11	0.000062287	-5.4241E-06	0.000062526
0.030986	9.566E-07	1	11000000	5.9128E-11	0	5.9128E-11	0.000061811	-5.0068E-06	0.000061989
0.03122	9.8672E-07	1	11000000	6.1989E-11	0	6.1989E-11	0.000062824	-4.3512E-06	0.000062943
0.03145	9.3919E-07	1	11000000	5.9843E-11	0	5.9843E-11	0.000063718	-0.00000453	0.000063837
0.031673	9.5384E-07	1	11000000	5.9128E-11	0	5.9128E-11	0.000061989	-2.9802E-06	0.000062049
0.031902	9.4566E-07	1	11000000	5.9128E-11	0	5.9128E-11	0.000062526	-0.000004232	0.000062645
0.032122	9.4117E-07	1	11000000	5.9128E-11	0	5.9128E-11	0.000062824	-5.9009E-06	0.000063062
0.032332	9.5476E-07	1	11000000	5.9128E-11	0	5.9128E-11	0.00006193	-5.5433E-06	0.000062168
0.032534	9.678E-07	1	11000000	5.9128E-11	0	5.9128E-11	0.000061095	-4.9472E-06	0.000061274
0.032738	9.8413E-07	1	11000000	5.9128E-11	0	5.9128E-11	0.000060082	-6.3777E-06	0.000060439
0.032942	9.8413E-07	1	11000000	5.9128E-11	0	5.9128E-11	0.000060082	-5.0068E-06	0.00006032
0.033158	9.8706E-07	1	11000000	5.9128E-11	0	5.9128E-11	0.000059903	-5.5433E-06	0.000060141
0.033373	9.7542E-07	1	11000000	5.9128E-11	0	5.9128E-11	0.000060618	-4.6492E-06	0.000060797
0.033584	9.8608E-07	1	11000000	5.9128E-11	0	5.9128E-11	0.000059963	-3.5763E-06	0.000060082
0.033783	9.8805E-07	1	11000000	5.9128E-11	0	5.9128E-11	0.000059843	-3.2187E-06	0.000059963
0.033977	9.9002E-07	1	11000000	5.9128E-11	0	5.9128E-11	0.000059724	-4.1127E-06	0.000059843
0.034178	9.716E-07	1	11000000	5.9128E-11	0	5.9128E-11	0.000060857	-5.4241E-06	0.000061095
0.034383	9.8121E-07	1	11000000	5.9128E-11	0	5.9128E-11	0.00006026	-6.1989E-06	0.000060559
0.034589	9.851E-07	1	11000000	5.9128E-11	0	5.9128E-11	0.000060022	-4.5896E-06	0.000060201
0.034785	0.000001003	1	11000000	5.9128E-11	0	5.9128E-11	0.000058949	-5.4241E-06	0.000059188
