-0.034425	4.186E-07	1	11000000	2.4796E-10	-9.799E-11	2.6679E-10	0.00059236	-0.00078667	0.00098474
-0.034433	9.5933E-07	1	11000000	9.5606E-11	-4.53E-12	9.5845E-11	0.000099659	-0.00007248	0.0001232
-0.034435	1.0917E-06	1	11000000	6.1036E-11	-2.3842E-13	6.1036E-11	0.000055909	-5.3048E-06	0.000056148
-0.034446	1.2349E-06	1	11000000	6.5804E-11	0	6.5804E-11	0.000053287	-3.6955E-06	0.000053406
-0.034467	1.1682E-06	1	11000000	5.9605E-11	0	5.9605E-11	0.000051022	-2.4438E-06	0.000051081
-0.034482	0.000001135	1	11000000	5.9128E-11	0	5.9128E-11	0.000052095	-3.9935E-06	0.000052214
-0.034484	1.1632E-06	1	11000000	6.2466E-11	0	6.2466E-11	0.000053704	-3.8147E-06	0.000053823
-0.0345	1.1631E-06	1	11000000	6.0797E-11	0	6.0797E-11	0.000052274	-4.0531E-06	0.000052452
-0.034493	0.000001101	1	11000000	5.9128E-11	0	5.9128E-11	0.000053704	-3.7551E-06	0.000053883
-0.034464	1.0587E-06	1	11000000	5.9128E-11	0	5.9128E-11	0.00005585	-4.9472E-06	0.000056029
-0.034398	1.1313E-06	1	11000000	6.3181E-11	0	6.3181E-11	0.00005585	-3.1591E-06	0.000055909
-0.034273	0.000001135	1	11000000	5.9128E-11	0	5.9128E-11	0.000052095	-2.5034E-06	0.000052154
-0.034117	1.0301E-06	1	11000000	5.9128E-11	0	5.9128E-11	0.000057399	-2.4438E-06	0.000057459
-0.033959	1.0398E-06	1	11000000	5.9128E-11	0	5.9128E-11	0.000056863	-4.3512E-06	0.000057042
-0.033789	1.0598E-06	1	11000000	5.9128E-11	0	5.9128E-11	0.00005579	-2.2054E-06	0.00005585
-0.03361	1.0508E-06	1	11000000	5.9128E-11	0	5.9128E-11	0.000056267	-4.0531E-06	0.000056386
-0.033425	1.0787E-06	1	11000000	5.9605E-11	0	5.9605E-11	0.000055254	-2.3246E-06	0.000055313
-0.033232	1.1528E-06	1	11000000	6.342E-11	0	6.342E-11	0.000055015	-4.6492E-06	0.000055194
-0.033037	1.2569E-06	1	11000000	6.5327E-11	0	6.5327E-11	0.000051975	-1.6689E-06	0.000052035
-0.032821	1.0791E-06	1	11000000	5.9366E-11	0	5.9366E-11	0.000055015	-1.1921E-06	0.000055015
-0.032588	1.0726E-06	1	11000000	6.0797E-11	0	6.0797E-11	0.000056684	-0.000004232	0.000056863
-0.032382	1.0453E-06	1	11000000	5.9128E-11	0	5.9128E-11	0.000056565	-2.2054E-06	0.000056625
-0.032198	1.0398E-06	1	11000000	5.9128E-11	0	5.9128E-11	0.000056863	-2.2054E-06	0.000056923
-0.032016	1.1422E-06	1	11000000	6.3658E-11	0	6.3658E-11	0.000055731	-0.000004828	0.000055909
-0.031824	1.0422E-06	1	11000000	6.032E-11	0	6.032E-11	0.000057876	-3.5167E-06	0.000057996
-0.031634	1.0185E-06	1	11000000	5.9128E-11	0	5.9128E-11	0.000058055	-3.1591E-06	0.000058115
-0.031442	1.0366E-06	1	11000000	5.9128E-11	0	5.9128E-11	0.000057042	-4.9472E-06	0.00005728
-0.031241	0.000001003	1	11000000	5.9128E-11	0	5.9128E-11	0.000058949	-0.000002861	0.000059009
-0.031031	9.9498E-07	1	11000000	5.9128E-11	0	5.9128E-11	0.000059426	-3.5167E-06	0.000059545
-0.03082	1.0464E-06	1	11000000	5.9128E-11	0	5.9128E-11	0.000056505	-5.0068E-06	0.000056744
-0.030623	1.0484E-06	1	11000000	5.9366E-11	0	5.9366E-11	0.000056625	-3.3379E-06	0.000056744
-0.030436	1.0237E-06	1	11000000	5.9128E-11	0	5.9128E-11	0.000057757	-1.6093E-06	0.000057817
-0.030247	9.8315E-07	1	11000000	5.9128E-11	0	5.9128E-11	0.000060141	-3.2187E-06	0.00006026
-0.030053	9.9308E-07	1	11000000	5.9843E-11	0	5.9843E-11	0.00006026	-5.0664E-06	0.000060439
-0.029853	9.5384E-07	1	11000000	5.9128E-11	0	5.9128E-11	0.000061989	-1.8478E-06	0.000062049
-0.029656	9.9799E-07	1	11000000	5.9128E-11	0	5.9128E-11	0.000059247	-3.3975E-06	0.000059307
-0.029456	9.6592E-07	1	11000000	5.9128E-11	0	5.9128E-11	0.000061214	-4.8876E-06	0.000061453
-0.029251	9.716E-07	1	11000000	5.9128E-11	0	5.9128E-11	0.000060857	-4.9472E-06	0.000061095
-0.029044	9.631E-07	1	11000000	5.9128E-11	0	5.9128E-11	0.000061393	-3.0399E-06	0.000061453
-0.028826	9.6124E-07	1	11000000	5.9128E-11	0	5.9128E-11	0.000061512	-4.8876E-06	0.000061751
-0.028609	9.631E-07	1	11000000	5.9128E-11	0	5.9128E-11	0.000061393	-5.7221E-06	0.000061691
-0.02839	9.3233E-07	1	11000000	5.9128E-11	0	5.9128E-11	0.00006342	-4.7684E-06	0.000063539
-0.028165	9.2797E-07	1	11000000	5.9128E-11	0	5.9128E-11	0.000063718	-4.1723E-06	0.000063837
-0.027948	9.5019E-07	1	11000000	5.9128E-11	0	5.9128E-11	0.000062228	-6.6161E-06	0.000062526
-0.027733	9.126E-07	1	11000000	5.9128E-11	0	5.9128E-11	0.000064791	-3.9935E-06	0.00006491
-0.027509	9.2451E-07	1	11000000	5.9128E-11	0	5.9128E-11	0.000063956	-4.6492E-06	0.000064075
-0.027283	9.3585E-07	1	11000000	5.9128E-11	0	5.9128E-11	0.000063181	-6.1393E-06	0.000063479
-0.02706	9.2623E-07	1	11000000	5.9128E-11	0	5.9128E-11	0.000063837	-4.6492E-06	0.000064016
-0.026828	8.8413E-07	1	11000000	5.9128E-11	0	5.9128E-11	0.000066877	-7.8679E-06	0.000067354
-0.026594	8.7094E-07	1	11000000	5.9128E-11	0	5.9128E-11	0.00006789	-5.9009E-06	0.000068129
-0.026359	8.6486E-07	1	11000000	5.9128E-11	0	5.9128E-11	0.000068367	-4.2916E-06	0.000068486
-0.026128	8.7943E-07	1	11000000	5.9128E-11	0	5.9128E-11	0.000067234	-4.8876E-06	0.000067413
-0.025899	8.8099E-07	1	11000000	5.9128E-11	0	5.9128E-11	0.000067115	-5.8413E-06	0.000067413
-0.025678	8.717E-07	1	11000000	5.9128E-11	0	5.9128E-11	0.000067831	-7.0334E-06	0.000068188
-0.025447	8.3713E-07	1	11000000	5.9128E-11	0	5.9128E-11	0.000070632	-8.0467E-06	0.000071109
-0.025199	8.515E-07	1	11000000	5.9128E-11	0	5.9128E-11	0.00006944	-1.7881E-06	0.00006944
-0.024929	8.7247E-07	1	11000000	5.9128E-11	0	5.9128E-11	0.000067771	-5.8413E-06	0.000068009
-0.024664	8.7632E-07	1	11000000	5.9128E-11	0	5.9128E-11	0.000067473	-7.8083E-06	0.00006795
-0.024404	8.5223E-07	1	11000000	5.9128E-11	0	5.9128E-11	0.00006938	-4.8876E-06	0.000069559
-0.024148	8.3291E-07	1	11000000	5.9128E-11	0	5.9128E-11	0.00007099	-6.0797E-06	0.000071288
-0.02389	8.5296E-07	1	11000000	5.9128E-11	0	5.9128E-11	0.000069321	-7.7487E-06	0.000069738
-0.023641	8.515E-07	1	11000000	5.9128E-11	0	5.9128E-11	0.00006944	-5.0664E-06	0.000069619
-0.023389	8.3713E-07	1	11000000	5.9128E-11	0	5.9128E-11	0.000070632	-5.3644E-06	0.000070811
-0.023144	8.2119E-07	1	11000000	5.9128E-11	0	5.9128E-11	0.000072003	-7.8083E-06	0.00007242
-0.022897	8.3713E-07	1	11000000	5.9128E-11	0	5.9128E-11	0.000070632	-7.9871E-06	0.000071049
-0.02264	8.2943E-07	1	11000000	5.9128E-11	0	5.9128E-11	0.000071288	-5.7221E-06	0.000071526
-0.022378	8.2187E-07	1	11000000	5.9128E-11	0	5.9128E-11	0.000071943	-5.7817E-06	0.000072182
-0.022129	8.2323E-07	1	11000000	5.9128E-11	0	5.9128E-11	0.000071824	-6.9738E-06	0.000072182
-0.02187	8.1245E-07	1	11000000	5.9128E-11	0	5.9128E-11	0.000072778	-5.7817E-06	0.000073016
-0.021606	7.8233E-07	1	11000000	5.9128E-11	0	5.9128E-11	0.000075579	-6.4969E-06	0.000075818
-0.021346	7.936E-07	1	11000000	5.9128E-11	0	5.9128E-11	0.000074506	-0.000007093	0.000074804
-0.021084	8.2119E-07	1	11000000	5.9128E-11	0	5.9128E-11	0.000072003	-0.000009656	0.000072659
-0.020808	7.8049E-07	1	11000000	5.9128E-11	0	5.9128E-11	0.000075758	-5.3048E-06	0.000075937
-0.020526	7.5038E-07	1	11000000	5.9128E-11	0	5.9128E-11	0.000078798	-7.5698E-06	0.000079155
-0.020251	7.5783E-07	1	11000000	5.9128E-11	0	5.9128E-11	0.000078023	-5.7817E-06	0.000078202
-0.019977	7.3427E-07	1	11000000	5.9128E-11	0	5.9128E-11	0.000080526	-6.0201E-06	0.000080705
-0.019703	7.4474E-07	1	11000000	5.9128E-11	0	5.9128E-11	0.000079394	-8.5235E-06	0.000079871
-0.019429	7.3427E-07	1	11000000	5.9128E-11	0	5.9128E-11	0.000080526	-6.1989E-06	0.000080765
-0.019149	7.403E-07	1	11000000	5.9128E-11	0	5.9128E-11	0.000079871	-7.9275E-06	0.000080288
-0.018871	7.1988E-07	1	11000000	5.9128E-11	0	5.9128E-11	0.000082136	-6.9738E-06	0.000082493
-0.018587	7.2093E-07	1	11000000	5.9128E-11	0	5.9128E-11	0.000082017	-9.5368E-06	0.000082553
-0.018297	7.0205E-07	1	11000000	5.9128E-11	0	5.9128E-11	0.000084222	-8.4043E-06	0.000084579
-0.018005	7.147E-07	1	11000000	5.9128E-11	0	5.9128E-11	0.000082732	-8.5235E-06	0.000083149
-0.017713	7.1884E-07	1	11000000	5.9128E-11	0	5.9128E-11	0.000082255	-9.8348E-06	0.000082851
-0.017411	7.0756E-07	1	11000000	5.9128E-11	0	5.9128E-11	0.000083566	-9.4772E-06	0.000084103
-0.017107	6.8272E-07	1	11000000	5.9128E-11	0	5.9128E-11	0.000086606	-8.6427E-06	0.000087023
-0.016808	6.7713E-07	1	11000000	5.9128E-11	0	5.9128E-11	0.000087321	-0.000010252	0.000087917
-0.016507	6.7667E-07	1	11000000	5.9128E-11	0	5.9128E-11	0.000087381	-8.1659E-06	0.000087739
-0.016198	6.7713E-07	1	11000000	5.9128E-11	0	5.9128E-11	0.000087321	-9.1196E-06	0.000087739
-0.015886	6.6622E-07	1	11000000	5.9128E-11	0	5.9128E-11	0.000088752	-0.000010192	0.000089288
-0.015562	6.4625E-07	1	11000000	5.9128E-11	0	5.9128E-11	0.000091494	-0.000010848	0.00009209
-0.015241	6.5565E-07	1	11000000	5.9128E-11	0	5.9128E-11	0.000090182	-9.8348E-06	0.000090719
-0.014915	6.4583E-07	1	11000000	5.9128E-11	0	5.9128E-11	0.000091553	-0.000010014	0.00009209
-0.014583	6.471E-07	1	11000000	5.9128E-11	0	5.9128E-11	0.000091374	-0.000010848	0.00009203
-0.014239	0.00000064	1	11000000	5.9128E-11	0	5.9128E-11	0.000092388	-9.4176E-06	0.000092865
-0.013899	6.2039E-07	1	11000000	5.9128E-11	0	5.9128E-11	0.000095308	-0.000011504	0.000096024
-0.013561	6.1386E-07	1	11000000	5.9128E-11	0	5.9128E-11	0.000096322	-0.000012279	0.000097037
-0.013218	6.0934E-07	1	11000000	5.9128E-11	0	5.9128E-11	0.000097037	-0.000011206	0.000097692
-0.012867	5.9831E-07	1	11000000	5.9128E-11	0	5.9128E-11	0.000098825	-0.000011384	0.000099481
-0.012505	5.8978E-07	1	11000000	5.9128E-11	0	5.9128E-11	0.00010025	-0.000011861	0.00010097
-0.012139	5.8148E-07	1	11000000	5.9128E-11	0	5.9128E-11	0.00010169	-0.000011981	0.0001024
-0.01177	5.808E-07	1	11000000	5.9128E-11	0	5.9128E-11	0.00010181	-0.000012696	0.00010264
-0.011395	5.6848E-07	1	11000000	5.9128E-11	0	5.9128E-11	0.00010401	-0.000014722	0.00010508
-0.011013	5.5856E-07	1	11000000	5.9128E-11	0	5.9128E-11	0.00010586	-0.000014186	0.00010681
-0.010629	5.4777E-07	1	11000000	5.9128E-11	0	5.9128E-11	0.00010794	-0.000015318	0.00010902
-0.010232	5.4326E-07	1	11000000	5.9128E-11	0	5.9128E-11	0.00010884	-0.000015915	0.00011003
-0.0098307	5.2963E-07	1	11000000	5.9128E-11	0	5.9128E-11	0.00011164	-0.000017822	0.00011301
-0.0094205	5.2935E-07	1	11000000	5.9128E-11	0	5.9128E-11	0.0001117	-0.000018656	0.00011325
-0.009005	5.1613E-07	1	11000000	5.9128E-11	0	5.9128E-11	0.00011456	-0.00001514	0.00011557
-0.0085834	4.9674E-07	1	11000000	5.9128E-11	0	5.9128E-11	0.00011903	-0.000018656	0.00012046
-0.0081572	4.9304E-07	1	11000000	5.9128E-11	0	5.9128E-11	0.00011993	-0.000020266	0.00012165
-0.0077165	4.8509E-07	1	11000000	5.9128E-11	0	5.9128E-11	0.00012189	-0.000019312	0.00012344
-0.0072696	4.7853E-07	1	11000000	5.9128E-11	0	5.9128E-11	0.00012356	-0.000019849	0.00012511
-0.006811	4.7171E-07	1	11000000	5.9128E-11	0	5.9128E-11	0.00012535	-0.000022292	0.00012732
-0.006341	4.6638E-07	1	11000000	5.9128E-11	0	5.9128E-11	0.00012678	-0.000021935	0.00012863
-0.0058645	4.5588E-07	1	11000000	5.9128E-11	0	5.9128E-11	0.0001297	-0.000023067	0.00013173
-0.0053767	4.4968E-07	1	11000000	5.9128E-11	0	5.9128E-11	0.00013149	-0.000023544	0.00013358
-0.0048785	4.4266E-07	1	11000000	5.9128E-11	0	5.9128E-11	0.00013358	-0.000024319	0.00013578
-0.0043724	4.3547E-07	1	11000000	5.9128E-11	0	5.9128E-11	0.00013578	-0.000024498	0.00013799
-0.0038533	4.3375E-07	1	11000000	5.9128E-11	0	5.9128E-11	0.00013632	-0.000025451	0.00013864
-0.0033238	4.3074E-07	1	11000000	5.9128E-11	0	5.9128E-11	0.00013727	-0.000024915	0.00013948
-0.0027889	4.2248E-07	1	11000000	5.9128E-11	0	5.9128E-11	0.00013995	-0.000024319	0.00014204
-0.002247	4.2593E-07	1	11000000	5.9128E-11	0	5.9128E-11	0.00013882	-0.000026643	0.00014138
-0.0016967	4.3055E-07	1	11000000	5.9128E-11	0	5.9128E-11	0.00013733	-0.000025451	0.00013966
-0.0011437	4.3566E-07	1	11000000	5.9128E-11	0	5.9128E-11	0.00013572	-0.000023127	0.00013769
-0.00058512	4.3112E-07	1	11000000	5.9128E-11	0	5.9128E-11	0.00013715	-0.000023902	0.00013918
-0.000021235	4.2685E-07	1	11000000	5.9128E-11	0	5.9128E-11	0.00013852	-0.000025749	0.00014091
0.00054036	4.3855E-07	1	11000000	5.9128E-11	0	5.9128E-11	0.00013483	-0.000023902	0.00013691
0.0010993	4.4286E-07	1	11000000	5.9128E-11	0	5.9128E-11	0.00013352	-0.000024617	0.00013572
0.0016548	4.4765E-07	1	11000000	5.9128E-11	0	5.9128E-11	0.00013208	-0.00002408	0.00013429
0.0022075	4.5091E-07	1	11000000	5.9128E-11	0	5.9128E-11	0.00013113	-0.00002265	0.00013304
0.0027526	4.5317E-07	1	11000000	5.9128E-11	0	5.9128E-11	0.00013047	-0.000021219	0.00013214
0.003292	4.6161E-07	1	11000000	5.9128E-11	0	5.9128E-11	0.00012809	-0.000021458	0.00012982
0.0038222	4.6947E-07	1	11000000	5.9128E-11	0	5.9128E-11	0.00012595	-0.000020802	0.00012767
0.0043397	4.8155E-07	1	11000000	5.9128E-11	0	5.9128E-11	0.00012279	-0.000020743	0.00012452
0.0048523	4.8915E-07	1	11000000	5.9128E-11	0	5.9128E-11	0.00012088	-0.00001961	0.00012249
0.0053547	4.9378E-07	1	11000000	5.9128E-11	0	5.9128E-11	0.00011975	-0.000020921	0.00012153
0.0058474	5.1029E-07	1	11000000	5.9128E-11	0	5.9128E-11	0.00011587	-0.000017882	0.00011724
0.0063286	5.116E-07	1	11000000	5.9128E-11	0	5.9128E-11	0.00011557	-0.000018418	0.000117
0.006803	5.2211E-07	1	11000000	5.9128E-11	0	5.9128E-11	0.00011325	-0.000017583	0.00011462
0.0072655	5.2682E-07	1	11000000	5.9128E-11	0	5.9128E-11	0.00011224	-0.000017464	0.00011361
0.0077194	5.3133E-07	1	11000000	5.9128E-11	0	5.9128E-11	0.00011128	-0.000015557	0.00011236
0.0081683	5.4386E-07	1	11000000	5.9128E-11	0	5.9128E-11	0.00010872	-0.000015855	0.00010985
0.0086061	5.6236E-07	1	11000000	5.9128E-11	0	5.9128E-11	0.00010514	-0.000015676	0.00010628
0.0090389	5.6685E-07	1	11000000	5.9128E-11	0	5.9128E-11	0.00010431	-0.000012875	0.00010508
0.009464	5.6979E-07	1	11000000	5.9128E-11	0	5.9128E-11	0.00010377	-0.00001508	0.0001049
0.009884	5.8045E-07	1	11000000	5.9128E-11	0	5.9128E-11	0.00010187	-0.000012994	0.0001027
0.010299	5.8319E-07	1	11000000	5.9128E-11	0	5.9128E-11	0.00010139	-0.000011742	0.00010204
0.010704	5.8802E-07	1	11000000	5.9128E-11	0	5.9128E-11	0.00010055	-0.000012815	0.00010133
0.011097	6.0414E-07	1	11000000	5.9128E-11	0	5.9128E-11	0.000097871	-0.000012577	0.000098646
0.011483	6.1121E-07	1	11000000	5.9128E-11	0	5.9128E-11	0.000096739	-0.000010908	0.000097335
0.011862	0.00000062	1	11000000	5.9128E-11	0	5.9128E-11	0.000095368	-0.000011027	0.000096024
0.012237	6.3265E-07	1	11000000	5.9128E-11	0	5.9128E-11	0.00009346	-0.000011623	0.000094176
0.01261	6.3959E-07	1	11000000	5.9128E-11	0	5.9128E-11	0.000092447	-0.000010908	0.000093103
0.012978	6.4083E-07	1	11000000	5.9128E-11	0	5.9128E-11	0.000092268	-0.000010669	0.000092865
0.013339	6.4541E-07	1	11000000	5.9128E-11	0	5.9128E-11	0.000091613	-0.000011146	0.000092268
0.013697	6.5392E-07	1	11000000	5.9128E-11	0	5.9128E-11	0.000090421	-0.000010669	0.000091017
0.014052	6.5695E-07	1	11000000	5.9128E-11	0	5.9128E-11	0.000090004	-0.000010192	0.000090599
0.014401	6.5392E-07	1	11000000	5.9128E-11	0	5.9128E-11	0.000090421	-0.00001055	0.000091017
0.014742	6.6577E-07	1	11000000	5.9128E-11	0	5.9128E-11	0.000088811	-0.000010967	0.000089467
0.015079	6.7483E-07	1	11000000	5.9128E-11	0	5.9128E-11	0.000087619	-9.7752E-06	0.000088156
0.015419	6.8841E-07	1	11000000	5.9128E-11	0	5.9128E-11	0.000085891	-9.8348E-06	0.000086427
0.01575	7.0155E-07	1	11000000	5.9128E-11	0	5.9128E-11	0.000084281	-9.4176E-06	0.000084818
0.01607	7.0106E-07	1	11000000	5.9128E-11	0	5.9128E-11	0.000084341	-8.2851E-06	0.000084758
0.016384	7.0806E-07	1	11000000	5.9128E-11	0	5.9128E-11	0.000083507	-8.4639E-06	0.000083983
0.016695	7.1988E-07	1	11000000	5.9128E-11	0	5.9128E-11	0.000082136	-9.0004E-06	0.000082612
0.017006	7.1624E-07	1	11000000	5.9128E-11	0	5.9128E-11	0.000082553	-0.000007391	0.00008291
0.017309	7.1418E-07	1	11000000	5.9128E-11	0	5.9128E-11	0.000082791	-7.5102E-06	0.000083149
0.017617	7.3102E-07	1	11000000	5.9128E-11	0	5.9128E-11	0.000080884	-0.000009358	0.00008142
0.017925	7.3156E-07	1	11000000	5.9128E-11	0	5.9128E-11	0.000080824	-7.8083E-06	0.000081182
0.018229	7.3754E-07	1	11000000	5.9128E-11	0	5.9128E-11	0.000080169	-7.8083E-06	0.000080526
0.018531	7.5552E-07	1	11000000	5.9128E-11	0	5.9128E-11	0.000078261	-8.3447E-06	0.000078679
0.018836	7.4868E-07	1	11000000	5.9128E-11	0	5.9128E-11	0.000078977	-7.8679E-06	0.000079394
0.019137	7.5552E-07	1	11000000	5.9128E-11	0	5.9128E-11	0.000078261	-8.4639E-06	0.000078679
0.019427	0.000000775	1	11000000	5.9128E-11	0	5.9128E-11	0.000076294	-9.2388E-06	0.00007689
0.019711	7.6899E-07	1	11000000	5.9128E-11	0	5.9128E-11	0.00007689	-8.9408E-06	0.000077427
0.019992	7.561E-07	1	11000000	5.9128E-11	0	5.9128E-11	0.000078202	-8.1659E-06	0.000078619
0.020273	7.8357E-07	1	11000000	5.9128E-11	0	5.9128E-11	0.00007546	-0.000007391	0.000075818
0.020552	7.7743E-07	1	11000000	5.9128E-11	0	5.9128E-11	0.000076056	-7.5102E-06	0.000076414
0.020833	7.8792E-07	1	11000000	5.9128E-11	0	5.9128E-11	0.000075043	-8.5235E-06	0.00007552
0.021117	8.0129E-07	1	11000000	5.9128E-11	0	5.9128E-11	0.000073791	-7.0334E-06	0.000074149
0.02139	8.0324E-07	1	11000000	5.9128E-11	0	5.9128E-11	0.000073612	-6.9142E-06	0.00007397
0.021655	8.0913E-07	1	11000000	5.9128E-11	0	5.9128E-11	0.000073076	-7.9871E-06	0.000073553
0.021925	8.1311E-07	1	11000000	5.9128E-11	0	5.9128E-11	0.000072718	-0.000007391	0.000073076
0.0222	8.1848E-07	1	11000000	5.9128E-11	0	5.9128E-11	0.000072241	-6.4373E-06	0.000072539
0.022469	8.2804E-07	1	11000000	5.9128E-11	0	5.9128E-11	0.000071407	-5.7817E-06	0.000071645
0.022733	8.2804E-07	1	11000000	5.9128E-11	0	5.9128E-11	0.000071407	-7.9871E-06	0.000071884
0.022994	8.3925E-07	1	11000000	5.9128E-11	0	5.9128E-11	0.000070453	-6.0797E-06	0.000070692
0.023256	8.3082E-07	1	11000000	5.9128E-11	0	5.9128E-11	0.000071168	-6.8546E-06	0.000071526
0.023518	8.5296E-07	1	11000000	5.9128E-11	0	5.9128E-11	0.000069321	-6.9142E-06	0.000069619
0.023767	8.3996E-07	1	11000000	5.9128E-11	0	5.9128E-11	0.000070394	-5.9009E-06	0.000070572
0.024018	8.5443E-07	1	11000000	5.9128E-11	0	5.9128E-11	0.000069201	-3.7551E-06	0.000069321
0.024267	8.5665E-07	1	11000000	5.9128E-11	0	5.9128E-11	0.000069023	-5.1856E-06	0.000069201
0.024517	8.7324E-07	1	11000000	5.9128E-11	0	5.9128E-11	0.000067711	-4.8876E-06	0.00006789
0.024769	8.5517E-07	1	11000000	5.9128E-11	0	5.9128E-11	0.000069142	-5.9009E-06	0.00006938
0.025019	8.8334E-07	1	11000000	5.9128E-11	0	5.9128E-11	0.000066937	-5.7817E-06	0.000067175
0.025267	8.7247E-07	1	11000000	5.9128E-11	0	5.9128E-11	0.000067771	-4.2916E-06	0.00006789
0.02551	8.6865E-07	1	11000000	5.9128E-11	0	5.9128E-11	0.000068069	-7.8679E-06	0.000068546
0.025754	8.9855E-07	1	11000000	5.9128E-11	0	5.9128E-11	0.000065804	-5.6625E-06	0.000066042
0.025997	8.8889E-07	1	11000000	5.9128E-11	0	5.9128E-11	0.000066519	-7.2122E-06	0.000066877
0.026239	9.2022E-07	1	11000000	5.9128E-11	0	5.9128E-11	0.000064254	-7.1526E-06	0.000064612
0.026476	9.0759E-07	1	11000000	5.9128E-11	0	5.9128E-11	0.000065148	-7.5698E-06	0.000065625
0.026714	8.8729E-07	1	11000000	5.9128E-11	0	5.9128E-11	0.000066639	-6.1393E-06	0.000066937
0.026962	9.2107E-07	1	11000000	5.9128E-11	0	5.9128E-11	0.000064195	-4.9472E-06	0.000064373
0.027212	9.4566E-07	1	11000000	5.9128E-11	0	5.9128E-11	0.000062526	-6.3777E-06	0.000062883
0.027456	9.126E-07	1	11000000	5.9128E-11	0	5.9128E-11	0.000064791	-7.4506E-06	0.000065208
0.027693	9.0511E-07	1	11000000	5.9128E-11	0	5.9128E-11	0.000065327	-4.4704E-06	0.000065506
0.02793	9.332E-07	1	11000000	5.9128E-11	0	5.9128E-11	0.00006336	-4.8876E-06	0.000063539
0.028161	9.3145E-07	1	11000000	5.9128E-11	0	5.9128E-11	0.000063479	-7.9871E-06	0.000064016
0.028379	9.1682E-07	1	11000000	5.9128E-11	0	5.9128E-11	0.000064493	-6.0201E-06	0.000064731
0.028597	9.126E-07	1	11000000	5.9128E-11	0	5.9128E-11	0.000064791	-1.3113E-06	0.000064791
0.028815	9.566E-07	1	11000000	5.9128E-11	0	5.9128E-11	0.000061811	-3.2783E-06	0.00006193
0.029037	9.4566E-07	1	11000000	5.9128E-11	0	5.9128E-11	0.000062526	-4.0531E-06	0.000062645
0.029267	1.0163E-06	1	11000000	6.3181E-11	0	6.3181E-11	0.000062168	-4.4108E-06	0.000062347
0.029488	9.5201E-07	1	11000000	5.9128E-11	0	5.9128E-11	0.000062109	-5.2452E-06	0.000062347
0.0297	9.7542E-07	1	11000000	5.9128E-11	0	5.9128E-11	0.000060618	-5.0068E-06	0.000060797
0.029916	9.9598E-07	1	11000000	5.9128E-11	0	5.9128E-11	0.000059367	-0.000004828	0.000059545
0.030129	0.000000992	1	11000000	5.9128E-11	0	5.9128E-11	0.000059605	-5.0664E-06	0.000059843
0.030353	9.8024E-07	1	11000000	5.9128E-11	0	5.9128E-11	0.00006032	-3.4571E-06	0.000060439
0.030577	9.697E-07	1	11000000	5.9128E-11	0	5.9128E-11	0.000060976	-7.7486E-07	0.000060976
0.030798	9.6875E-07	1	11000000	5.9128E-11	0	5.9128E-11	0.000061036	-1.9074E-06	0.000061095
0.031014	9.9899E-07	1	11000000	5.9128E-11	0	5.9128E-11	0.000059188	-0.000004232	0.000059307
0.031231	0.000001002	1	11000000	5.9128E-11	0	5.9128E-11	0.000059009	-3.6955E-06	0.000059128
0.031439	0.000001	1	11000000	5.9128E-11	0	5.9128E-11	0.000059128	-4.9472E-06	0.000059307
0.031637	1.0227E-06	1	11000000	5.9128E-11	0	5.9128E-11	0.000057817	-4.5896E-06	0.000057996
0.031844	0.000000992	1	11000000	5.9128E-11	0	5.9128E-11	0.000059605	-3.2187E-06	0.000059724
0.032055	9.8121E-07	1	11000000	5.9128E-11	0	5.9128E-11	0.00006026	-2.6822E-06	0.00006032
0.032257	9.9498E-07	1	11000000	5.9128E-11	0	5.9128E-11	0.000059426	-2.0862E-06	0.000059486
0.032463	9.8121E-07	1	11000000	5.9128E-11	0	5.9128E-11	0.00006026	-2.1458E-06	0.00006026
0.03267	1.1309E-06	1	11000000	6.4373E-11	0	6.4373E-11	0.000056923	-2.4438E-06	0.000056982
0.032869	1.0473E-06	1	11000000	5.9366E-11	0	5.9366E-11	0.000056684	-2.6226E-06	0.000056744
0.033069	1.0924E-06	1	11000000	6.1989E-11	0	6.1989E-11	0.000056744	-1.9074E-06	0.000056744
0.033269	0.000001003	1	11000000	5.9128E-11	0	5.9128E-11	0.000058949	-2.7418E-06	0.000059009
0.033478	1.0215E-06	1	11000000	5.9605E-11	0	5.9605E-11	0.000058353	-2.6226E-06	0.000058413
0.033685	1.0227E-06	1	11000000	5.9128E-11	0	5.9128E-11	0.000057817	-1.2517E-06	0.000057817
