-0.065645	1.0327E-06	2	11000000	9.6083E-11	-1.0634E-10	1.4329E-10	0.000093043	-0.00080496	0.00081027
-0.06564	2.1618E-06	2	11000000	1.4496E-10	-5.7221E-12	1.4496E-10	0.000067056	-0.000076414	0.00010163
-0.065618	2.2025E-06	2	11000000	1.4782E-10	-2.3842E-13	1.4782E-10	0.000067115	-0.000010312	0.00006789
-0.065604	0.000002185	2	11000000	1.4782E-10	0	1.4782E-10	0.000067652	-9.8348E-06	0.000068307
-0.065608	2.4603E-06	2	11000000	1.4782E-10	0	1.4782E-10	0.000060082	-0.000010491	0.000060976
-0.065608	2.4875E-06	2	11000000	1.4782E-10	0	1.4782E-10	0.000059426	-6.4373E-06	0.000059784
-0.065618	2.3485E-06	2	11000000	1.4782E-10	0	1.4782E-10	0.000062943	-3.6359E-06	0.000063062
-0.065607	0.000002429	2	11000000	1.4782E-10	0	1.4782E-10	0.000060857	-0.000010252	0.000061691
-0.065608	2.7434E-06	2	11000000	1.4782E-10	0	1.4782E-10	0.000053883	-1.1921E-06	0.000053883
-0.06561	2.3619E-06	2	11000000	1.4782E-10	0	1.4782E-10	0.000062585	3.1591E-06	0.000062645
-0.065613	2.0701E-06	2	11000000	1.4782E-10	0	1.4782E-10	0.000071407	-7.2718E-06	0.000071764
-0.06561	2.3846E-06	2	11000000	1.4782E-10	0	1.4782E-10	0.000061989	-2.5034E-06	0.000061989
-0.065586	2.5541E-06	2	11000000	1.4782E-10	0	1.4782E-10	0.000057876	-3.6359E-06	0.000057996
-0.065577	0.000002485	2	11000000	1.4782E-10	0	1.4782E-10	0.000059486	-3.9339E-06	0.000059605
-0.065584	2.2025E-06	2	11000000	1.4782E-10	0	1.4782E-10	0.000067115	-0.000004828	0.000067294
-0.065611	2.3507E-06	2	11000000	1.4782E-10	0	1.4782E-10	0.000062883	3.5763E-06	0.000062943
-0.065627	2.2202E-06	2	11000000	1.4782E-10	0	1.4782E-10	0.000066579	1.9074E-06	0.000066579
-0.065636	2.5996E-06	2	11000000	1.4782E-10	0	1.4782E-10	0.000056863	4.7088E-06	0.000057042
-0.065669	2.7525E-06	2	11000000	1.4782E-10	0	1.4782E-10	0.000053704	-4.3512E-06	0.000053883
-0.065692	2.1735E-06	2	11000000	1.4782E-10	0	1.4782E-10	0.000068009	-0.00001061	0.000068844
-0.065693	2.4361E-06	2	11000000	1.4782E-10	0	1.4782E-10	0.000060678	-0.000007093	0.000061095
-0.065686	0.000002185	2	11000000	1.4782E-10	0	1.4782E-10	0.000067652	-9.7156E-06	0.000068367
-0.065685	2.3286E-06	2	11000000	1.4782E-10	0	1.4782E-10	0.000063479	-2.9802E-06	0.000063539
-0.065698	2.6898E-06	2	11000000	1.4782E-10	0	1.4782E-10	0.000054956	-1.7881E-06	0.000055015
-0.065694	2.3596E-06	2	11000000	1.4782E-10	0	1.4782E-10	0.000062645	-5.4241E-06	0.000062883
-0.065687	2.6023E-06	2	11000000	1.4782E-10	0	1.4782E-10	0.000056803	5.3644E-06	0.000057042
-0.065691	0.000002562	2	11000000	1.4782E-10	0	1.4782E-10	0.000057698	-7.7486E-07	0.000057698
-0.065692	2.1927E-06	2	11000000	1.4782E-10	0	1.4782E-10	0.000067413	-1.3113E-06	0.000067413
-0.065682	1.9255E-06	2	11000000	1.4782E-10	0	1.4782E-10	0.000076771	-0.000004232	0.00007689
-0.065666	2.0875E-06	2	11000000	1.4782E-10	0	1.4782E-10	0.000070811	-1.1921E-06	0.000070811
-0.065644	2.2025E-06	2	11000000	1.4782E-10	0	1.4782E-10	0.000067115	-8.9407E-07	0.000067115
-0.065614	2.7586E-06	2	11000000	1.4782E-10	0	1.4782E-10	0.000053585	-7.6891E-06	0.000054121
-0.065586	2.4628E-06	2	11000000	1.4782E-10	0	1.4782E-10	0.000060022	-1.7882E-07	0.000060022
-0.065583	2.3507E-06	2	11000000	1.4782E-10	0	1.4782E-10	0.000062883	-0.000010192	0.000063658
-0.065569	2.1017E-06	2	11000000	1.4782E-10	0	1.4782E-10	0.000070334	2.3842E-07	0.000070334
-0.065536	0.000002149	2	11000000	1.4782E-10	0	1.4782E-10	0.000068784	-0.000004232	0.000068903
-0.065454	2.2242E-06	2	11000000	1.4782E-10	0	1.4782E-10	0.00006646	5.9605E-08	0.00006646
-0.065315	2.4338E-06	2	11000000	1.4782E-10	0	1.4782E-10	0.000060737	-3.8743E-06	0.000060857
-0.065133	2.5101E-06	2	11000000	1.4782E-10	0	1.4782E-10	0.00005889	-7.2718E-06	0.000059307
-0.06492	2.3619E-06	2	11000000	1.4782E-10	0	1.4782E-10	0.000062585	2.6226E-06	0.000062645
-0.064667	2.4701E-06	2	11000000	1.4782E-10	0	1.4782E-10	0.000059843	6.3777E-06	0.000060201
-0.064404	2.4579E-06	2	11000000	1.4782E-10	0	1.4782E-10	0.000060141	2.3842E-07	0.000060141
-0.064124	2.0981E-06	2	11000000	1.4782E-10	0	1.4782E-10	0.000070453	-2.6822E-06	0.000070453
-0.063823	0.000002053	2	11000000	1.4782E-10	0	1.4782E-10	0.000072003	-1.7285E-06	0.000072003
-0.063538	2.0065E-06	2	11000000	1.4782E-10	0	1.4782E-10	0.000073672	-3.9339E-06	0.000073791
-0.063269	2.1622E-06	2	11000000	1.4782E-10	0	1.4782E-10	0.000068367	-7.8083E-06	0.000068784
-0.063037	2.3114E-06	2	11000000	1.5044E-10	0	1.5044E-10	0.000065089	-7.6891E-06	0.000065506
-0.062771	2.4249E-06	2	11000000	1.483E-10	0	1.483E-10	0.000061155	2.6822E-06	0.000061214
-0.062475	1.5791E-06	2	11000000	1.0109E-10	-3.4571E-11	1.0681E-10	0.000064016	-4.9472E-06	0.000064195
-0.062157	2.1271E-06	2	11000000	1.4567E-10	-1.6689E-12	1.4567E-10	0.000068486	-0.000004232	0.000068605
-0.061846	2.4195E-06	2	11000000	1.4782E-10	0	1.4782E-10	0.000061095	-6.5565E-07	0.000061095
-0.06155	2.3709E-06	2	11000000	1.4782E-10	0	1.4782E-10	0.000062347	-0.000009954	0.000063122
-0.061255	2.2942E-06	2	11000000	1.4782E-10	0	1.4782E-10	0.000064433	4.8876E-06	0.000064612
-0.060981	2.2899E-06	2	11000000	1.4782E-10	0	1.4782E-10	0.000064552	8.9407E-07	0.000064552
-0.060698	2.2302E-06	2	11000000	1.4782E-10	0	1.4782E-10	0.000066281	-7.1526E-07	0.000066281
-0.060436	2.1472E-06	2	11000000	1.4782E-10	0	1.4782E-10	0.000068844	-4.7684E-07	0.000068844
-0.060165	2.1986E-06	2	11000000	1.4782E-10	0	1.4782E-10	0.000067234	-3.5763E-07	0.000067234
-0.059878	2.2123E-06	2	11000000	1.4782E-10	0	1.4782E-10	0.000066817	5.2452E-06	0.000067056
-0.059571	2.3177E-06	2	11000000	1.4782E-10	0	1.4782E-10	0.000063777	-0.000001967	0.000063837
-0.059257	2.1416E-06	2	11000000	1.4782E-10	0	1.4782E-10	0.000069023	-0.000012577	0.000070155
-0.058962	2.2242E-06	2	11000000	1.4782E-10	0	1.4782E-10	0.00006646	-4.4108E-06	0.000066579
-0.058601	2.1398E-06	2	11000000	1.4782E-10	0	1.4782E-10	0.000069082	-2.5034E-06	0.000069082
-0.058233	0.000002149	2	11000000	1.4782E-10	0	1.4782E-10	0.000068784	-7.5698E-06	0.000069142
-0.057924	1.8888E-06	2	11000000	1.4782E-10	0	1.4782E-10	0.000078261	8.9407E-07	0.000078261
-0.057629	2.0344E-06	2	11000000	1.4782E-10	0	1.4782E-10	0.000072659	0.00000453	0.000072778
-0.057339	1.8745E-06	2	11000000	1.4782E-10	0	1.4782E-10	0.000078857	-3.1591E-06	0.000078917
-0.057062	1.8745E-06	2	11000000	1.4782E-10	0	1.4782E-10	0.000078857	-1.1921E-07	0.000078857
-0.056721	1.8989E-06	2	11000000	1.4782E-10	0	1.4782E-10	0.000077844	5.9605E-07	0.000077844
-0.05639	1.9345E-06	2	11000000	1.4782E-10	0	1.4782E-10	0.000076414	-5.6029E-06	0.000076652
-0.056056	1.9698E-06	2	11000000	1.4782E-10	0	1.4782E-10	0.000075043	1.1325E-06	0.000075043
-0.055755	1.8802E-06	2	11000000	1.4782E-10	0	1.4782E-10	0.000078619	-2.6226E-06	0.000078619
-0.055475	0.00000238	2	11000000	1.4782E-10	0	1.4782E-10	0.000062109	-5.3645E-07	0.000062109
-0.055176	2.0718E-06	2	11000000	1.4782E-10	0	1.4782E-10	0.000071347	-0.000004828	0.000071526
-0.054892	1.8535E-06	2	11000000	1.4782E-10	0	1.4782E-10	0.000079751	-8.4639E-06	0.000080228
-0.054579	0.000001992	2	11000000	1.4782E-10	0	1.4782E-10	0.000074208	3.9935E-06	0.000074328
-0.054238	2.0195E-06	2	11000000	1.4782E-10	0	1.4782E-10	0.000073195	-3.6359E-06	0.000073255
-0.05393	0.000002	2	11000000	1.4782E-10	0	1.4782E-10	0.00007391	-1.0729E-06	0.00007391
-0.053611	0.000001927	2	11000000	1.4782E-10	0	1.4782E-10	0.000076712	-0.00000453	0.000076831
-0.053314	0.000001939	2	11000000	1.4782E-10	0	1.4782E-10	0.000076235	-3.0399E-06	0.000076294
-0.052968	2.2566E-06	2	11000000	1.4782E-10	0	1.4782E-10	0.000065506	-1.5497E-06	0.000065506
-0.052596	2.0428E-06	2	11000000	1.4782E-10	0	1.4782E-10	0.00007236	-4.7684E-06	0.000072539
-0.05226	1.8917E-06	2	11000000	1.4782E-10	0	1.4782E-10	0.000078142	-4.9472E-06	0.000078321
-0.051889	1.9062E-06	2	11000000	1.4782E-10	0	1.4782E-10	0.000077546	-5.7817E-06	0.000077784
-0.051515	0.000001933	2	11000000	1.4782E-10	0	1.4782E-10	0.000076473	-3.2783E-06	0.000076592
-0.051184	1.9004E-06	2	11000000	1.4782E-10	0	1.4782E-10	0.000077784	-4.4108E-06	0.000077904
-0.050856	1.9018E-06	2	11000000	1.4782E-10	0	1.4782E-10	0.000077725	-3.2187E-06	0.000077784
-0.050475	1.8452E-06	2	11000000	1.4782E-10	0	1.4782E-10	0.000080109	-0.000010908	0.000080884
-0.050082	1.8036E-06	2	11000000	1.4782E-10	0	1.4782E-10	0.000081957	-6.2585E-06	0.000082136
-0.049691	1.8076E-06	2	11000000	1.4782E-10	0	1.4782E-10	0.000081778	-7.1526E-07	0.000081778
-0.049297	0.000001744	2	11000000	1.4782E-10	0	1.4782E-10	0.000084758	-6.0201E-06	0.000084937
-0.048924	0.000001744	2	11000000	1.4782E-10	0	1.4782E-10	0.000084758	-8.5831E-06	0.000085176
-0.048559	1.6578E-06	2	11000000	1.4782E-10	0	1.4782E-10	0.000089169	-0.000012636	0.000090123
-0.048183	1.6511E-06	2	11000000	1.4782E-10	0	1.4782E-10	0.000089527	-6.6758E-06	0.000089706
-0.047805	1.6644E-06	2	11000000	1.4782E-10	0	1.4782E-10	0.000088811	-8.0467E-06	0.000089169
-0.047478	1.7127E-06	2	11000000	1.4782E-10	0	1.4782E-10	0.000086308	-5.5433E-06	0.000086487
-0.047176	1.6611E-06	2	11000000	1.4782E-10	0	1.4782E-10	0.00008899	-8.0467E-06	0.000089348
-0.04682	1.6511E-06	2	11000000	1.4782E-10	0	1.4782E-10	0.000089527	-4.8876E-06	0.000089646
-0.046405	1.5857E-06	2	11000000	1.4782E-10	0	1.4782E-10	0.000093222	-7.6295E-06	0.00009352
-0.04598	1.6791E-06	2	11000000	1.4782E-10	0	1.4782E-10	0.000088037	-9.5368E-06	0.000088573
-0.04556	1.5979E-06	2	11000000	1.4782E-10	0	1.4782E-10	0.000092507	-0.000009954	0.000093043
-0.04515	0.000001528	2	11000000	1.4782E-10	0	1.4782E-10	0.000096739	-5.2452E-06	0.000096918
-0.044761	1.5452E-06	2	11000000	1.4782E-10	0	1.4782E-10	0.000095666	-8.8812E-06	0.000096083
-0.044362	1.6209E-06	2	11000000	1.4782E-10	0	1.4782E-10	0.000091196	-4.1127E-06	0.000091315
-0.043951	1.5877E-06	2	11000000	1.4782E-10	0	1.4782E-10	0.000093103	-3.5763E-06	0.000093222
-0.043533	1.6199E-06	2	11000000	1.4782E-10	0	1.4782E-10	0.000091255	-2.7418E-06	0.000091315
-0.043122	0.00000166	2	11000000	1.4782E-10	0	1.4782E-10	0.00008905	-6.9142E-06	0.000089288
-0.042707	1.5607E-06	2	11000000	1.4782E-10	0	1.4782E-10	0.000094712	-8.3447E-06	0.00009507
-0.042289	1.5432E-06	2	11000000	1.4782E-10	0	1.4782E-10	0.000095785	-5.1856E-06	0.000095904
-0.041867	1.5959E-06	2	11000000	1.4782E-10	0	1.4782E-10	0.000092626	-4.4108E-06	0.000092745
-0.041443	1.5423E-06	2	11000000	1.4782E-10	0	1.4782E-10	0.000095845	-5.4837E-06	0.000096024
-0.041021	1.5049E-06	2	11000000	1.4782E-10	0	1.4782E-10	0.000098229	-9.2984E-06	0.000098646
-0.040607	1.4605E-06	2	11000000	1.4782E-10	0	1.4782E-10	0.00010121	-9.7752E-06	0.00010169
-0.040217	1.4701E-06	2	11000000	1.4782E-10	0	1.4782E-10	0.00010055	-9.7156E-06	0.00010097
-0.039791	1.4478E-06	2	11000000	1.4782E-10	0	1.4782E-10	0.0001021	-6.0201E-06	0.00010228
-0.039366	1.4319E-06	2	11000000	1.4782E-10	0	1.4782E-10	0.00010324	-9.2388E-06	0.00010365
-0.038955	1.4212E-06	2	11000000	1.4782E-10	0	1.4782E-10	0.00010401	-8.5235E-06	0.00010431
-0.038533	1.4131E-06	2	11000000	1.4782E-10	0	1.4782E-10	0.00010461	-7.6295E-06	0.00010485
-0.0381	1.4035E-06	2	11000000	1.4782E-10	0	1.4782E-10	0.00010532	-7.4506E-06	0.00010556
-0.037652	1.4083E-06	2	11000000	1.4782E-10	0	1.4782E-10	0.00010496	-8.4639E-06	0.00010532
-0.037183	1.3694E-06	2	11000000	1.4782E-10	0	1.4782E-10	0.00010794	-8.2255E-06	0.00010824
-0.036715	1.3559E-06	2	11000000	1.4782E-10	0	1.4782E-10	0.00010902	-9.4772E-06	0.00010943
-0.036249	1.3276E-06	2	11000000	1.4782E-10	0	1.4782E-10	0.00011134	-0.000010133	0.00011182
-0.035782	1.3305E-06	2	11000000	1.4782E-10	0	1.4782E-10	0.0001111	-8.0467E-06	0.0001114
-0.035307	1.2797E-06	2	11000000	1.4782E-10	0	1.4782E-10	0.00011551	-8.3447E-06	0.00011581
-0.034819	1.2917E-06	2	11000000	1.4782E-10	0	1.4782E-10	0.00011444	-8.9408E-06	0.00011474
-0.034317	1.3025E-06	2	11000000	1.4782E-10	0	1.4782E-10	0.00011349	-8.9408E-06	0.00011385
-0.033792	1.2863E-06	2	11000000	1.4782E-10	0	1.4782E-10	0.00011492	-8.1063E-06	0.00011522
-0.033254	1.2314E-06	2	11000000	1.4782E-10	0	1.4782E-10	0.00012004	-8.2255E-06	0.00012028
-0.032736	1.2338E-06	2	11000000	1.4782E-10	0	1.4782E-10	0.00011981	-0.000009656	0.00012022
-0.032218	1.2086E-06	2	11000000	1.4782E-10	0	1.4782E-10	0.00012231	-0.000010192	0.00012273
-0.031695	1.2193E-06	2	11000000	1.4782E-10	0	1.4782E-10	0.00012124	-0.000009358	0.00012153
-0.031162	1.1952E-06	2	11000000	1.4782E-10	0	1.4782E-10	0.00012368	-0.000011623	0.00012422
-0.030625	1.1698E-06	2	11000000	1.4782E-10	0	1.4782E-10	0.00012636	-0.000010729	0.00012684
-0.030076	1.1503E-06	2	11000000	1.4782E-10	0	1.4782E-10	0.00012851	-0.000010848	0.00012898
-0.02951	1.1503E-06	2	11000000	1.4782E-10	0	1.4782E-10	0.00012851	-0.000011504	0.00012898
-0.028942	1.1227E-06	2	11000000	1.4782E-10	0	1.4782E-10	0.00013167	-0.000011504	0.00013214
-0.028378	1.1212E-06	2	11000000	1.4782E-10	0	1.4782E-10	0.00013185	-0.000011086	0.00013232
-0.027801	1.1121E-06	2	11000000	1.4782E-10	0	1.4782E-10	0.00013292	-0.000012696	0.00013352
-0.027205	1.0872E-06	2	11000000	1.4782E-10	0	1.4782E-10	0.00013596	-0.000011683	0.00013644
-0.026605	1.0562E-06	2	11000000	1.4782E-10	0	1.4782E-10	0.00013995	-0.000012457	0.00014055
-0.026001	1.0407E-06	2	11000000	1.4782E-10	0	1.4782E-10	0.00014204	-0.000012934	0.00014264
-0.025379	1.0295E-06	2	11000000	1.4782E-10	0	1.4782E-10	0.00014359	-0.000014603	0.0001443
-0.024738	1.0082E-06	2	11000000	1.471E-10	0	1.471E-10	0.00014591	-0.000014067	0.00014657
-0.024086	9.4146E-07	2	11000000	1.4091E-10	0	1.4091E-10	0.00014967	-0.00001514	0.00015044
-0.023423	9.783E-07	2	11000000	1.4782E-10	0	1.4782E-10	0.0001511	-0.00001514	0.00015187
-0.022755	8.234E-07	2	11000000	1.2756E-10	0	1.2756E-10	0.00015491	-0.000015438	0.00015569
-0.022076	9.0429E-07	2	11000000	1.4472E-10	0	1.4472E-10	0.00016004	-0.000017822	0.00016099
-0.02138	8.0207E-07	2	11000000	1.2946E-10	0	1.2946E-10	0.00016141	-0.000018656	0.00016248
-0.020668	7.2148E-07	2	11000000	1.1873E-10	0	1.1873E-10	0.00016457	-0.000019252	0.00016564
-0.019941	6.9957E-07	2	11000000	1.1826E-10	0	1.1826E-10	0.00016904	-0.000020147	0.00017023
-0.019199	6.8414E-07	2	11000000	1.1826E-10	0	1.1826E-10	0.00017285	-0.000020921	0.00017411
-0.018441	6.6332E-07	2	11000000	1.1826E-10	0	1.1826E-10	0.00017828	-0.000021339	0.00017953
-0.01766	6.4689E-07	2	11000000	1.1826E-10	0	1.1826E-10	0.00018281	-0.000023127	0.0001843
-0.016855	6.2924E-07	2	11000000	1.1826E-10	0	1.1826E-10	0.00018793	-0.000025213	0.0001896
-0.016026	6.114E-07	2	11000000	1.1826E-10	0	1.1826E-10	0.00019342	-0.000027418	0.00019538
-0.015166	5.875E-07	2	11000000	1.1826E-10	0	1.1826E-10	0.00020129	-0.00002861	0.00020331
-0.014274	5.7044E-07	2	11000000	1.1826E-10	0	1.1826E-10	0.00020731	-0.000029206	0.00020933
-0.013351	5.5019E-07	2	11000000	1.1826E-10	0	1.1826E-10	0.00021494	-0.000030935	0.00021714
-0.0124	5.3062E-07	2	11000000	1.1826E-10	0	1.1826E-10	0.00022286	-0.000033856	0.00022543
-0.01141	5.1346E-07	2	11000000	1.1826E-10	0	1.1826E-10	0.00023031	-0.000038028	0.00023341
-0.010384	4.9588E-07	2	11000000	1.1826E-10	0	1.1826E-10	0.00023848	-0.000041127	0.000242
-0.009312	4.7193E-07	2	11000000	1.1826E-10	0	1.1826E-10	0.00025058	-0.000044048	0.00025439
-0.0081867	4.5725E-07	2	11000000	1.1826E-10	0	1.1826E-10	0.00025863	-0.000048816	0.00026322
-0.0070159	4.4554E-07	2	11000000	1.1826E-10	0	1.1826E-10	0.00026542	-0.000051201	0.00027031
-0.005789	4.405E-07	2	11000000	1.1826E-10	0	1.1826E-10	0.00026846	-0.00005287	0.00027359
-0.0045116	4.3556E-07	2	11000000	1.1826E-10	0	1.1826E-10	0.0002715	-0.000052035	0.00027645
-0.0031886	4.3614E-07	2	11000000	1.1826E-10	0	1.1826E-10	0.00027114	-0.000052274	0.00027615
-0.0018304	4.4544E-07	2	11000000	1.1826E-10	0	1.1826E-10	0.00026548	-0.000050783	0.00027025
-0.00045231	4.5411E-07	2	11000000	1.1826E-10	0	1.1826E-10	0.00026042	-0.00004834	0.00026482
0.00092811	4.6903E-07	2	11000000	1.1826E-10	0	1.1826E-10	0.00025213	-0.000045598	0.00025624
0.0022961	4.8616E-07	2	11000000	1.1826E-10	0	1.1826E-10	0.00024325	-0.000041545	0.00024677
0.0036417	5.0279E-07	2	11000000	1.1826E-10	0	1.1826E-10	0.0002352	-0.00003922	0.00023848
0.0049511	5.2033E-07	2	11000000	1.1826E-10	0	1.1826E-10	0.00022727	-0.000037611	0.00023037
0.0062226	5.403E-07	2	11000000	1.1826E-10	0	1.1826E-10	0.00021887	-0.000034035	0.00022155
0.0074537	5.5793E-07	2	11000000	1.1826E-10	0	1.1826E-10	0.00021195	-0.000031591	0.00021428
0.008633	5.7407E-07	2	11000000	1.1826E-10	0	1.1826E-10	0.00020599	-0.000029385	0.00020808
0.0097711	5.8907E-07	2	11000000	1.1826E-10	0	1.1826E-10	0.00020075	-0.000029445	0.00020284
0.010871	6.0488E-07	2	11000000	1.1826E-10	0	1.1826E-10	0.0001955	-0.000026524	0.00019729
0.011924	6.1634E-07	2	11000000	1.1826E-10	0	1.1826E-10	0.00019187	-0.000022948	0.00019324
0.012943	6.3897E-07	2	11000000	1.1826E-10	0	1.1826E-10	0.00018507	-0.000025332	0.0001868
0.013935	6.5435E-07	2	11000000	1.1826E-10	0	1.1826E-10	0.00018072	-0.000022054	0.00018203
0.014892	6.6801E-07	2	11000000	1.1826E-10	0	1.1826E-10	0.00017703	-0.000020623	0.00017822
0.015823	6.8085E-07	2	11000000	1.1826E-10	0	1.1826E-10	0.00017369	-0.000020921	0.00017494
0.016726	6.9322E-07	2	11000000	1.1826E-10	0	1.1826E-10	0.00017059	-0.00001955	0.00017172
0.017599	7.0622E-07	2	11000000	1.1921E-10	0	1.1921E-10	0.0001688	-0.000019729	0.00016993
0.018449	7.6689E-07	2	11000000	1.2589E-10	0	1.2589E-10	0.00016415	-0.000019312	0.00016528
0.019278	7.8258E-07	2	11000000	1.2636E-10	0	1.2636E-10	0.00016147	-0.000018358	0.00016254
0.020096	7.8984E-07	2	11000000	1.2612E-10	0	1.2612E-10	0.00015968	-0.000018656	0.00016076
0.020899	9.0337E-07	2	11000000	1.4043E-10	0	1.4043E-10	0.00015545	-0.000018239	0.00015652
0.021693	8.3405E-07	2	11000000	1.2732E-10	0	1.2732E-10	0.00015265	-0.000017583	0.0001536
0.022468	9.0675E-07	2	11000000	1.3852E-10	0	1.3852E-10	0.00015277	-0.000014186	0.00015342
0.023215	9.8179E-07	2	11000000	1.4782E-10	0	1.4782E-10	0.00015056	-0.000014424	0.00015128
0.023944	1.0102E-06	2	11000000	1.4782E-10	0	1.4782E-10	0.00014633	-0.000012457	0.00014687
0.024662	1.0252E-06	2	11000000	1.4782E-10	0	1.4782E-10	0.00014418	-0.00001359	0.00014484
0.025375	0.000001042	2	11000000	1.4782E-10	0	1.4782E-10	0.00014186	-0.000012338	0.0001424
0.026081	1.0531E-06	2	11000000	1.4782E-10	0	1.4782E-10	0.00014037	-0.00001365	0.00014108
0.026769	1.0759E-06	2	11000000	1.4782E-10	0	1.4782E-10	0.00013739	-0.000014424	0.00013816
0.027433	1.0964E-06	2	11000000	1.4782E-10	0	1.4782E-10	0.00013483	-0.000010908	0.00013524
0.028079	1.0872E-06	2	11000000	1.4782E-10	0	1.4782E-10	0.00013596	-0.000011563	0.00013644
0.028727	1.0983E-06	2	11000000	1.4782E-10	0	1.4782E-10	0.00013459	-9.8944E-06	0.00013495
0.029384	1.1166E-06	2	11000000	1.4782E-10	0	1.4782E-10	0.00013238	-0.000012338	0.00013292
0.030024	1.1387E-06	2	11000000	1.4782E-10	0	1.4782E-10	0.00012982	-9.4176E-06	0.00013018
0.030633	1.1676E-06	2	11000000	1.4782E-10	0	1.4782E-10	0.0001266	-0.000011027	0.00012708
0.031223	1.1872E-06	2	11000000	1.4782E-10	0	1.4782E-10	0.00012452	-0.000010252	0.00012499
0.031807	0.000001172	2	11000000	1.4782E-10	0	1.4782E-10	0.00012612	-0.000010252	0.00012648
0.0324	1.2175E-06	2	11000000	1.4782E-10	0	1.4782E-10	0.00012142	-0.000010848	0.00012189
0.032995	1.2139E-06	2	11000000	1.4782E-10	0	1.4782E-10	0.00012177	-0.000011981	0.00012237
0.033572	1.2033E-06	2	11000000	1.4782E-10	0	1.4782E-10	0.00012285	-0.000011504	0.00012338
0.034142	1.2314E-06	2	11000000	1.4782E-10	0	1.4782E-10	0.00012004	-0.000010789	0.00012052
0.034703	1.2229E-06	2	11000000	1.4782E-10	0	1.4782E-10	0.00012088	-9.8348E-06	0.00012124
0.03527	1.2151E-06	2	11000000	1.4782E-10	0	1.4782E-10	0.00012165	-7.2122E-06	0.00012189
0.035828	1.2139E-06	2	11000000	1.4782E-10	0	1.4782E-10	0.00012177	-0.000010312	0.00012225
0.036363	1.2679E-06	2	11000000	1.4782E-10	0	1.4782E-10	0.00011659	-8.2851E-06	0.00011689
0.036886	1.2711E-06	2	11000000	1.4782E-10	0	1.4782E-10	0.00011629	-8.4043E-06	0.00011659
0.037424	1.2984E-06	2	11000000	1.4782E-10	0	1.4782E-10	0.00011385	-0.000012994	0.00011456
0.037967	1.3178E-06	2	11000000	1.4782E-10	0	1.4782E-10	0.00011218	-0.000010252	0.00011265
0.038491	1.3522E-06	2	11000000	1.4782E-10	0	1.4782E-10	0.00010932	-4.8876E-06	0.00010938
0.039015	1.3427E-06	2	11000000	1.4782E-10	0	1.4782E-10	0.00011009	-3.0399E-06	0.00011009
0.039534	1.3377E-06	2	11000000	1.4782E-10	0	1.4782E-10	0.00011051	-8.2851E-06	0.00011081
0.040045	1.3087E-06	2	11000000	1.4782E-10	0	1.4782E-10	0.00011295	-0.000012636	0.00011361
0.040553	0.000001418	2	11000000	1.4782E-10	0	1.4782E-10	0.00010425	-8.1063E-06	0.00010455
0.04105	1.4131E-06	2	11000000	1.4782E-10	0	1.4782E-10	0.00010461	-3.4571E-06	0.00010467
0.041542	1.3694E-06	2	11000000	1.4782E-10	0	1.4782E-10	0.00010794	-9.5368E-06	0.00010836
0.042021	1.3917E-06	2	11000000	1.4782E-10	0	1.4782E-10	0.00010622	-3.8743E-06	0.00010628
0.042493	1.5442E-06	2	11000000	1.4782E-10	0	1.4782E-10	0.000095726	-5.7221E-06	0.000095845
0.042968	1.4545E-06	2	11000000	1.4782E-10	0	1.4782E-10	0.00010163	-8.8812E-06	0.00010198
0.043439	1.4605E-06	2	11000000	1.4782E-10	0	1.4782E-10	0.00010121	-6.9738E-06	0.00010145
0.043909	0.000001394	2	11000000	1.4782E-10	0	1.4782E-10	0.00010604	-0.00001055	0.00010657
0.044388	1.3589E-06	2	11000000	1.4782E-10	0	1.4782E-10	0.00010878	-4.0531E-06	0.00010884
0.044859	1.5696E-06	2	11000000	1.4782E-10	0	1.4782E-10	0.000094176	-6.3777E-06	0.000094414
0.045319	1.5696E-06	2	11000000	1.4782E-10	0	1.4782E-10	0.000094176	-8.9408E-06	0.000094653
0.045784	1.5003E-06	2	11000000	1.4782E-10	0	1.4782E-10	0.000098527	-0.00001365	0.000099421
0.046243	1.5647E-06	2	11000000	1.4782E-10	0	1.4782E-10	0.000094474	-9.5368E-06	0.000094951
0.046687	1.4788E-06	2	11000000	1.4782E-10	0	1.4782E-10	0.000099957	-0.00001353	0.00010085
0.047118	1.5816E-06	2	11000000	1.4782E-10	0	1.4782E-10	0.00009346	-4.9472E-06	0.00009358
0.047553	1.6566E-06	2	11000000	1.4782E-10	0	1.4782E-10	0.000089229	-3.5763E-06	0.000089288
0.048001	1.6802E-06	2	11000000	1.4782E-10	0	1.4782E-10	0.000087977	-0.00001061	0.000088573
0.048439	0.000001701	2	11000000	1.4782E-10	0	1.4782E-10	0.000086904	-6.9142E-06	0.000087202
0.048883	1.6262E-06	2	11000000	1.4782E-10	0	1.4782E-10	0.000090898	-2.7418E-06	0.000090957
0.049309	1.5826E-06	2	11000000	1.4782E-10	0	1.4782E-10	0.000093401	-0.000012219	0.000094176
0.04973	1.6533E-06	2	11000000	1.4782E-10	0	1.4782E-10	0.000089407	-3.1591E-06	0.000089467
0.050156	1.6456E-06	2	11000000	1.4782E-10	0	1.4782E-10	0.000089825	-8.7023E-06	0.000090242
0.050597	1.4744E-06	2	11000000	1.4782E-10	0	1.4782E-10	0.00010025	-0.000011384	0.00010085
0.051032	2.5493E-06	2	11000000	2.5726E-10	9.0123E-11	2.7251E-10	0.00010091	-2.6226E-06	0.00010091
0.051455	1.8202E-06	2	11000000	1.5688E-10	5.7221E-12	1.5712E-10	0.000086189	3.5763E-07	0.000086189
0.051877	1.6466E-06	2	11000000	1.483E-10	0	1.483E-10	0.000090063	-3.8743E-06	0.000090123
0.052282	1.7407E-06	2	11000000	1.4806E-10	0	1.4806E-10	0.000085056	-0.000011742	0.000085891
0.052685	0.000001666	2	11000000	1.4806E-10	0	1.4806E-10	0.000088871	-0.000010967	0.000089586
0.05306	1.6225E-06	2	11000000	1.4806E-10	0	1.4806E-10	0.000091255	-2.9802E-07	0.000091255
0.053432	1.5438E-06	2	11000000	1.4806E-10	0	1.4806E-10	0.000095904	1.4901E-06	0.000095904
0.053819	1.8319E-06	2	11000000	1.4806E-10	0	1.4806E-10	0.000080824	-1.1921E-06	0.000080824
0.05422	1.7794E-06	2	11000000	1.4806E-10	0	1.4806E-10	0.000083209	-7.5698E-06	0.000083507
0.054608	0.000001613	2	11000000	1.4806E-10	0	1.4806E-10	0.000091792	-2.0862E-06	0.000091792
0.054995	1.5633E-06	2	11000000	1.4806E-10	0	1.4806E-10	0.000094712	-8.8216E-06	0.000095129
0.055388	0.000001706	2	11000000	1.4806E-10	0	1.4806E-10	0.000086785	-0.000010729	0.00008744
0.055781	1.7468E-06	2	11000000	1.4806E-10	0	1.4806E-10	0.000084758	-8.2851E-06	0.000085116
0.05617	1.7298E-06	2	11000000	1.4806E-10	0	1.4806E-10	0.000085593	-6.1393E-06	0.000085771
0.05655	1.7883E-06	2	11000000	1.4806E-10	0	1.4806E-10	0.000082791	-3.2187E-06	0.000082851
0.05693	1.9196E-06	2	11000000	1.4806E-10	0	1.4806E-10	0.000077129	-1.6689E-06	0.000077189
0.057306	1.6615E-06	2	11000000	1.4806E-10	0	1.4806E-10	0.000089109	-0.000011325	0.000089825
0.057679	1.7072E-06	2	11000000	1.4806E-10	0	1.4806E-10	0.000086725	-4.2916E-06	0.000086785
0.058062	1.7444E-06	2	11000000	1.4806E-10	0	1.4806E-10	0.000084878	-4.7684E-07	0.000084878
0.058439	1.6921E-06	2	11000000	1.4806E-10	0	1.4806E-10	0.0000875	1.1921E-06	0.0000875
0.058808	1.7049E-06	2	11000000	1.4806E-10	0	1.4806E-10	0.000086844	-3.0399E-06	0.000086904
0.059171	0.000001773	2	11000000	1.4806E-10	0	1.4806E-10	0.000083507	-0.000010967	0.000084222
0.059542	1.7592E-06	2	11000000	1.4806E-10	0	1.4806E-10	0.000084162	4.6492E-06	0.000084281
0.059907	2.0146E-06	2	11000000	1.4806E-10	0	1.4806E-10	0.000073493	1.4305E-06	0.000073493
0.060259	2.0752E-06	2	11000000	1.4806E-10	0	1.4806E-10	0.000071347	-4.6492E-06	0.000071526
0.060611	1.7909E-06	2	11000000	1.4806E-10	0	1.4806E-10	0.000082672	7.7486E-07	0.000082672
0.060969	1.8482E-06	2	11000000	1.4806E-10	0	1.4806E-10	0.000080109	-7.0334E-06	0.000080407
0.061306	1.7858E-06	2	11000000	1.4806E-10	0	1.4806E-10	0.00008291	-0.000012219	0.000083805
0.061639	1.6979E-06	2	11000000	1.4806E-10	0	1.4806E-10	0.000087202	-0.000013947	0.000088335
0.061991	0.0000018	2	11000000	1.4806E-10	0	1.4806E-10	0.000082255	-7.5698E-06	0.000082612
0.062351	2.0032E-06	2	11000000	1.4806E-10	0	1.4806E-10	0.00007391	1.6689E-06	0.00007397
0.062699	2.0752E-06	2	11000000	1.4806E-10	0	1.4806E-10	0.000071347	0.000010789	0.000072122
0.063037	1.9437E-06	2	11000000	1.4806E-10	0	1.4806E-10	0.000076175	5.0068E-06	0.000076354
0.063387	1.9316E-06	2	11000000	1.4806E-10	0	1.4806E-10	0.000076652	0.000010967	0.000077427
0.063739	1.8677E-06	2	11000000	1.4806E-10	0	1.4806E-10	0.000079275	-5.7221E-06	0.000079453
