-0.12152	0.000001072	1	11000000	7.31E-10	2.1219E-11	7.3123E-10	0.00068188	-0.00012255	0.00069261
-0.12157	1.2657E-06	1	11000000	7.0978E-10	0	7.0978E-10	0.00056076	-0.000038624	0.00056196
-0.12157	1.3115E-06	1	11000000	7.0978E-10	0	7.0978E-10	0.00054121	-0.000035525	0.00054241
-0.12153	1.2977E-06	1	11000000	7.0978E-10	0	7.0978E-10	0.00054694	-0.000036001	0.00054813
-0.12154	1.3109E-06	1	11000000	7.0978E-10	0	7.0978E-10	0.00054145	-0.000034332	0.00054241
-0.12154	1.3023E-06	1	11000000	7.0978E-10	0	7.0978E-10	0.00054503	-0.000035525	0.00054622
-0.12154	1.2921E-06	1	11000000	7.0978E-10	0	7.0978E-10	0.00054932	-0.000035525	0.00055051
-0.12156	1.3046E-06	1	11000000	7.0978E-10	0	7.0978E-10	0.00054407	-0.000034571	0.00054527
-0.12159	1.2793E-06	1	11000000	7.0978E-10	0	7.0978E-10	0.0005548	-0.000037194	0.000556
-0.1216	1.2593E-06	1	11000000	7.0978E-10	0	7.0978E-10	0.00056362	-0.000036717	0.00056482
-0.1216	1.2899E-06	1	11000000	7.0978E-10	0	7.0978E-10	0.00055027	-0.000034332	0.00055147
-0.12161	1.2826E-06	1	11000000	7.0978E-10	0	7.0978E-10	0.00055337	-0.000036001	0.00055457
-0.12164	1.2848E-06	1	11000000	7.0978E-10	0	7.0978E-10	0.00055242	-0.000034332	0.00055337
-0.12163	1.2932E-06	1	11000000	7.0978E-10	0	7.0978E-10	0.00054884	-0.000035286	0.00055004
-0.12161	1.2744E-06	1	11000000	7.0978E-10	0	7.0978E-10	0.00055695	-0.000035763	0.00055814
-0.12164	0.000001286	1	11000000	7.0978E-10	-1.1206E-11	7.0978E-10	0.00055194	-0.000034332	0.0005529
-0.12161	1.3091E-06	1	11000000	7.0978E-10	0	7.0978E-10	0.00054217	-0.000032902	0.00054312
-0.12153	0.000001329	1	11000000	7.0978E-10	0	7.0978E-10	0.00053406	-0.000031948	0.00053502
-0.12148	1.3138E-06	1	11000000	7.0978E-10	0	7.0978E-10	0.00054026	-0.000036001	0.00054145
-0.12142	0.000001286	1	11000000	7.0978E-10	0	7.0978E-10	0.00055194	-0.000034571	0.0005529
-0.12069	0.000001263	1	11000000	7.0978E-10	0	7.0978E-10	0.00056196	-0.000037194	0.00056315
-0.11967	1.2399E-06	1	11000000	7.0978E-10	0	7.0978E-10	0.00057245	-0.000036478	0.00057364
-0.1186	1.1874E-06	1	11000000	7.0382E-10	0	7.0382E-10	0.00059271	-0.000039339	0.0005939
-0.11744	1.1994E-06	1	11000000	7.0978E-10	0	7.0978E-10	0.00059176	-0.00004077	0.00059319
-0.11637	1.1645E-06	1	11000000	7.0382E-10	0	7.0382E-10	0.00060439	-0.000044346	0.00060606
-0.11514	1.1622E-06	1	11000000	7.0382E-10	0	7.0382E-10	0.00060559	-0.000039578	0.00060702
-0.11406	1.1682E-06	1	11000000	7.0382E-10	0	7.0382E-10	0.00060249	-0.000045777	0.00060416
-0.11286	1.1927E-06	1	11000000	7.0382E-10	0	7.0382E-10	0.00059009	-0.000041962	0.00059152
-0.11166	1.2221E-06	1	11000000	7.0978E-10	-2.1458E-11	7.1025E-10	0.00058079	-0.000037432	0.00058175
-0.11053	1.2456E-06	1	11000000	7.0978E-10	0	7.0978E-10	0.00056982	-0.00003624	0.00057102
-0.10945	0.000001242	1	11000000	7.0978E-10	0	7.0978E-10	0.00057149	-0.000036001	0.00057268
-0.10838	0.000001262	1	11000000	7.0978E-10	0	7.0978E-10	0.00056243	-0.000034571	0.00056362
-0.1074	1.2876E-06	1	11000000	7.0978E-10	0	7.0978E-10	0.00055123	-0.000034332	0.00055218
-0.10632	1.3196E-06	1	11000000	7.0978E-10	0	7.0978E-10	0.00053788	-0.000033379	0.00053883
-0.10531	1.3514E-06	1	11000000	7.2527E-10	0	7.2527E-10	0.00053668	-0.000029802	0.0005374
-0.10428	1.3017E-06	1	11000000	7.0978E-10	0	7.0978E-10	0.00054527	-0.000037194	0.0005467
-0.10322	1.2771E-06	1	11000000	7.0978E-10	0	7.0978E-10	0.00055576	-0.000034332	0.00055695
-0.10219	1.2519E-06	1	11000000	7.0978E-10	0	7.0978E-10	0.00056696	-0.000038147	0.00056815
-0.10111	1.2116E-06	1	11000000	7.0978E-10	0	7.0978E-10	0.0005858	-0.000037909	0.00058699
-0.099999	1.1581E-06	1	11000000	7.0382E-10	-1.9312E-11	7.0405E-10	0.00060773	-0.000045061	0.0006094
-0.098846	1.0965E-06	1	11000000	6.8832E-10	-2.1458E-11	6.8856E-10	0.00062776	-0.00004673	0.00062943
-0.097658	1.0813E-06	1	11000000	6.8832E-10	0	6.8832E-10	0.00063658	-0.000048399	0.00063825
-0.096428	0.000001076	1	11000000	6.8832E-10	-2.1458E-11	6.8856E-10	0.00063968	-0.00005436	0.00064207
-0.095182	0.000001061	1	11000000	6.8832E-10	-2.1458E-11	6.8856E-10	0.00064874	-0.000052214	0.00065089
-0.093921	1.0594E-06	1	11000000	6.8832E-10	0	6.8832E-10	0.00064969	-0.000052214	0.00065184
-0.09268	1.0748E-06	1	11000000	6.8832E-10	-2.1458E-11	6.8856E-10	0.0006404	-0.000049114	0.00064207
-0.091434	1.0829E-06	1	11000000	6.8832E-10	-4.7684E-13	6.8832E-10	0.00063563	-0.000049353	0.00063753
-0.090188	1.1246E-06	1	11000000	6.9523E-10	0	6.9523E-10	0.00061822	-0.000045061	0.00061989
-0.088958	1.1558E-06	1	11000000	7.0382E-10	0	7.0382E-10	0.00060892	-0.000042916	0.00061059
-0.087786	1.1756E-06	1	11000000	7.0382E-10	0	7.0382E-10	0.00059867	-0.000044584	0.00060034
-0.086629	1.2206E-06	1	11000000	7.0978E-10	-9.5368E-13	7.0978E-10	0.00058151	-0.000042677	0.00058294
-0.085509	0.000001262	1	11000000	7.0978E-10	-9.5368E-13	7.0978E-10	0.00056243	-0.000035048	0.00056362
-0.084397	1.2899E-06	1	11000000	7.0978E-10	0	7.0978E-10	0.00055027	-0.000035525	0.00055147
-0.083398	0.000001312	1	11000000	7.0978E-10	0	7.0978E-10	0.00054097	-0.000034809	0.00054217
-0.082282	1.3068E-06	1	11000000	7.0978E-10	0	7.0978E-10	0.00054312	-0.00003314	0.00054407
-0.08125	0.000001286	1	11000000	7.0978E-10	0	7.0978E-10	0.00055194	-0.000034332	0.0005529
-0.08018	1.2307E-06	1	11000000	7.0978E-10	0	7.0978E-10	0.00057674	-0.00003767	0.00057793
-0.079096	1.2077E-06	1	11000000	7.0978E-10	0	7.0978E-10	0.00058771	-0.000041008	0.0005889
-0.07795	1.1455E-06	1	11000000	7.0382E-10	0	7.0382E-10	0.00061441	-0.000045538	0.00061608
-0.076761	1.0637E-06	1	11000000	6.8832E-10	0	6.8832E-10	0.00064707	-0.00005126	0.00064898
-0.075548	1.0475E-06	1	11000000	6.8832E-10	-5.9605E-12	6.8832E-10	0.00065708	-0.000051499	0.00065899
-0.074301	1.0377E-06	1	11000000	6.8832E-10	-2.1458E-11	6.8856E-10	0.00066328	-0.000053406	0.00066543
-0.073005	1.0187E-06	1	11000000	6.8832E-10	-6.4373E-12	6.8832E-10	0.00067568	-0.000053644	0.00067783
-0.07169	1.0091E-06	1	11000000	6.8832E-10	-2.1458E-11	6.8856E-10	0.00068212	-0.000055552	0.00068426
-0.070379	9.9479E-07	1	11000000	6.826E-10	-2.1458E-11	6.8283E-10	0.00068617	-0.000054121	0.00068832
-0.069046	0.000001006	1	11000000	6.826E-10	-2.1458E-11	6.8283E-10	0.00067854	-0.000054121	0.00068069
-0.06772	1.0325E-06	1	11000000	6.8832E-10	0	6.8832E-10	0.00066662	-0.000052691	0.00066877
-0.066403	1.0502E-06	1	11000000	6.8832E-10	-8.8215E-12	6.8832E-10	0.00065542	-0.00005126	0.00065756
-0.065137	1.0853E-06	1	11000000	6.8832E-10	0	6.8832E-10	0.0006342	-0.000049353	0.0006361
-0.063904	1.1455E-06	1	11000000	7.0382E-10	0	7.0382E-10	0.00061441	-0.000046969	0.00061608
-0.062678	1.1908E-06	1	11000000	7.0382E-10	0	7.0382E-10	0.00059104	-0.000041247	0.00059247
-0.06153	1.2415E-06	1	11000000	7.0978E-10	0	7.0978E-10	0.00057173	-0.000035763	0.00057292
-0.060394	1.2604E-06	1	11000000	7.0978E-10	-1.9074E-11	7.1001E-10	0.00056315	-0.000039578	0.00056458
-0.059325	1.2373E-06	1	11000000	7.0978E-10	-2.1458E-11	7.1001E-10	0.00057364	-0.000037909	0.00057483
-0.058253	1.2039E-06	1	11000000	7.0382E-10	0	7.0382E-10	0.00058461	-0.000039578	0.00058604
-0.057073	1.1398E-06	1	11000000	7.0382E-10	0	7.0382E-10	0.00061751	-0.00004673	0.00061942
-0.055896	1.0422E-06	1	11000000	6.8832E-10	0	6.8832E-10	0.00066042	-0.000051737	0.00066233
-0.05466	9.7084E-07	1	11000000	6.826E-10	0	6.826E-10	0.0007031	-0.000056982	0.00070548
-0.053325	9.4085E-07	1	11000000	6.826E-10	-2.1458E-11	6.8283E-10	0.00072551	-0.000067711	0.00072861
-0.051913	9.452E-07	1	11000000	6.826E-10	-2.1458E-11	6.8283E-10	0.00072217	-0.000063658	0.00072503
-0.050503	9.6332E-07	1	11000000	6.826E-10	-2.1458E-11	6.8283E-10	0.00070858	-0.000056505	0.00071073
-0.049104	9.4927E-07	1	11000000	6.826E-10	0	6.826E-10	0.00071907	-0.000059128	0.00072146
-0.047745	9.2985E-07	1	11000000	6.826E-10	-2.1458E-11	6.8283E-10	0.0007341	-0.000061036	0.00073648
-0.046329	9.1408E-07	1	11000000	6.671E-10	-2.1458E-11	6.6734E-10	0.0007298	-0.000060797	0.00073243
-0.044905	9.4896E-07	1	11000000	6.826E-10	-2.1458E-11	6.8283E-10	0.00071931	-0.000059605	0.00072194
-0.043464	9.7348E-07	1	11000000	6.826E-10	-2.1458E-11	6.8283E-10	0.00070119	-0.000059367	0.00070358
-0.042082	1.0088E-06	1	11000000	6.826E-10	-2.1458E-11	6.8283E-10	0.00067664	-0.000053644	0.00067878
-0.040747	1.0579E-06	1	11000000	6.8832E-10	0	6.8832E-10	0.00065065	-0.000052214	0.00065279
-0.039479	1.1011E-06	1	11000000	6.8832E-10	0	6.8832E-10	0.00062514	-0.00004673	0.00062681
-0.038247	1.1738E-06	1	11000000	7.0382E-10	-2.1458E-11	7.0405E-10	0.00059963	-0.000036717	0.00060058
-0.037059	1.1971E-06	1	11000000	7.0382E-10	0	7.0382E-10	0.00058794	-0.000039816	0.00058937
-0.03593	1.1477E-06	1	11000000	7.0382E-10	-8.3447E-12	7.0382E-10	0.00061322	-0.000037194	0.00061441
-0.034835	1.0187E-06	1	11000000	6.8832E-10	-2.1458E-11	6.8856E-10	0.00067568	-0.000052214	0.00067759
-0.033565	9.2594E-07	1	11000000	6.826E-10	-2.1458E-11	6.8283E-10	0.00073719	-0.000063658	0.00073982
-0.032198	8.5097E-07	1	11000000	6.671E-10	0	6.671E-10	0.00078392	-0.000074626	0.00078726
-0.030714	8.0029E-07	1	11000000	6.6114E-10	-1.8358E-11	6.6161E-10	0.00082612	-0.000078679	0.00082994
-0.029094	7.6246E-07	1	11000000	6.4588E-10	-2.1458E-11	6.4612E-10	0.00084711	-0.000088215	0.00085164
-0.027436	7.5537E-07	1	11000000	6.4564E-10	-2.1458E-11	6.4612E-10	0.00085473	-0.000097752	0.00086022
-0.025721	7.2757E-07	1	11000000	6.4564E-10	-2.1458E-11	6.4612E-10	0.0008874	-0.00010061	0.00089288
-0.023907	7.0391E-07	1	11000000	6.3992E-10	-2.1458E-11	6.4016E-10	0.00090909	-0.000098229	0.00091458
-0.022083	7.0042E-07	1	11000000	6.3992E-10	-2.1458E-11	6.4016E-10	0.00091362	-0.00010204	0.00091935
-0.020236	7.0968E-07	1	11000000	6.3992E-10	-2.1458E-11	6.4016E-10	0.0009017	-0.00010038	0.00090719
-0.018401	7.6196E-07	1	11000000	6.4564E-10	-2.1458E-11	6.4612E-10	0.00084734	-0.000091315	0.00085211
-0.016669	8.6118E-07	1	11000000	6.6114E-10	-2.1458E-11	6.6161E-10	0.00076771	-0.000068665	0.00077057
-0.015076	9.9444E-07	1	11000000	6.826E-10	0	6.826E-10	0.00068641	-0.000058174	0.00068903
-0.013666	1.0693E-06	1	11000000	6.8832E-10	-2.1458E-11	6.8856E-10	0.00064373	-0.000027895	0.00064445
-0.012312	9.9244E-07	1	11000000	6.8832E-10	-2.1458E-11	6.8856E-10	0.00069356	-0.000025749	0.00069404
-0.010885	7.3399E-07	1	11000000	6.6114E-10	-2.1458E-11	6.6161E-10	0.00090075	-0.000056744	0.00090266
-0.0092091	4.5118E-07	1	11000000	5.8175E-10	-2.1458E-11	5.8198E-10	0.0012894	-0.00020194	0.0013049
-0.006823	2.5082E-07	1	11000000	4.7493E-10	0	4.7493E-10	0.0018935	-0.00047231	0.0019515
-0.002937	1.5858E-07	1	11000000	3.4118E-10	4.2439E-11	3.438E-10	0.0021515	-0.00060702	0.0022354
0.0024055	3.6159E-07	1	11000000	4.8208E-10	0	4.8208E-10	0.0013332	-0.00024223	0.0013552
0.0064452	7.365E-07	1	11000000	6.2442E-10	-2.1458E-11	6.2466E-10	0.00084782	-0.000079394	0.0008514
0.0087414	9.213E-07	1	11000000	6.671E-10	-2.1458E-11	6.6758E-10	0.00072408	-0.000057459	0.00072623
0.010305	8.9307E-07	1	11000000	6.671E-10	-2.1458E-11	6.6734E-10	0.00074697	-0.000063658	0.00074959
0.011765	7.996E-07	1	11000000	6.6114E-10	-2.1458E-11	6.6161E-10	0.00082684	-0.000080109	0.00083065
0.013329	7.2523E-07	1	11000000	6.4564E-10	-2.1458E-11	6.4612E-10	0.00089026	-0.000095368	0.00089527
0.015075	6.6506E-07	1	11000000	6.2442E-10	-2.1458E-11	6.2466E-10	0.0009389	-0.00010586	0.00094509
0.016966	6.5198E-07	1	11000000	6.2442E-10	-2.1458E-11	6.2466E-10	0.00095773	-0.00010634	0.00096369
0.01891	6.5182E-07	1	11000000	6.2442E-10	-2.1458E-11	6.2466E-10	0.00095797	-0.00010967	0.00096417
0.020851	6.6641E-07	1	11000000	6.2442E-10	-2.1458E-11	6.2466E-10	0.00093699	-0.00010371	0.00094271
0.02273	6.7587E-07	1	11000000	6.2442E-10	-2.1458E-11	6.2466E-10	0.00092388	-0.000099183	0.00092936
0.024593	7.1307E-07	1	11000000	6.3992E-10	-2.1458E-11	6.4016E-10	0.00089741	-0.00009656	0.00090266
0.026424	7.5897E-07	1	11000000	6.4564E-10	-2.1458E-11	6.4612E-10	0.00085068	-0.000088215	0.00085521
0.028221	9.0651E-07	1	11000000	6.6114E-10	-2.1458E-11	6.6161E-10	0.00072933	-0.000064373	0.00073219
0.029811	1.0291E-06	1	11000000	6.826E-10	0	6.826E-10	0.00066328	-0.000054121	0.00066543
0.031209	1.1133E-06	1	11000000	6.8856E-10	-1.1683E-11	6.8856E-10	0.00061846	-0.000047684	0.00062013
0.032473	1.2315E-06	1	11000000	7.0382E-10	-1.6689E-12	7.0382E-10	0.00057149	-0.000038863	0.00057292
0.033604	1.2904E-06	1	11000000	7.0978E-10	0	7.0978E-10	0.00055004	-0.000032902	0.00055099
0.034662	1.2604E-06	1	11000000	7.0978E-10	0	7.0978E-10	0.00056315	-0.000034332	0.0005641
0.035669	1.2107E-06	1	11000000	7.0978E-10	-2.1458E-11	7.1001E-10	0.00058628	-0.000038386	0.00058723
0.036788	1.1161E-06	1	11000000	7.0382E-10	0	7.0382E-10	0.00063062	-0.000049114	0.00063229
0.037946	1.0296E-06	1	11000000	6.8856E-10	0	6.8856E-10	0.00066877	-0.000051975	0.00067068
0.039218	9.8622E-07	1	11000000	6.826E-10	-2.1458E-11	6.8283E-10	0.00069213	-0.000055552	0.00069428
0.04055	9.5849E-07	1	11000000	6.826E-10	-2.1458E-11	6.8283E-10	0.00071216	-0.000058174	0.00071454
0.041936	9.4488E-07	1	11000000	6.826E-10	-2.1458E-11	6.8283E-10	0.00072241	-0.000059367	0.0007248
0.043364	0.000000902	1	11000000	6.671E-10	0	6.671E-10	0.00073958	-0.000068665	0.00074268
0.044871	8.9422E-07	1	11000000	6.671E-10	-7.1526E-13	6.671E-10	0.00074602	-0.00006795	0.00074911
0.046272	8.8154E-07	1	11000000	6.671E-10	0	6.671E-10	0.00075674	-0.000072003	0.00076008
0.047803	8.8043E-07	1	11000000	6.671E-10	0	6.671E-10	0.0007577	-0.000071288	0.00076104
0.049247	9.1081E-07	1	11000000	6.671E-10	0	6.671E-10	0.00073243	-0.000065089	0.00073529
0.050733	9.2618E-07	1	11000000	6.671E-10	-2.1458E-11	6.6734E-10	0.00072027	-0.000061036	0.00072265
0.052109	1.0525E-06	1	11000000	6.8832E-10	0	6.8832E-10	0.00065399	-0.00005126	0.00065589
0.053456	1.1173E-06	1	11000000	6.8832E-10	0	6.8832E-10	0.00061608	-0.000045061	0.00061775
0.054657	1.2297E-06	1	11000000	7.0572E-10	0	7.0572E-10	0.00057388	-0.000036717	0.00057507
0.055675	1.2519E-06	1	11000000	7.0978E-10	0	7.0978E-10	0.00056696	-0.000036001	0.00056792
0.056907	1.2327E-06	1	11000000	7.0978E-10	0	7.0978E-10	0.00057578	-0.00003624	0.00057698
0.057935	1.1645E-06	1	11000000	7.0382E-10	0	7.0382E-10	0.00060439	-0.000044823	0.00060606
0.059034	1.1289E-06	1	11000000	7.0382E-10	-7.1526E-12	7.0382E-10	0.00062347	-0.000046015	0.00062514
0.06021	1.0712E-06	1	11000000	6.8832E-10	0	6.8832E-10	0.00064254	-0.000048876	0.00064445
0.06143	1.0404E-06	1	11000000	6.8832E-10	-2.1458E-11	6.8856E-10	0.00066161	-0.000051975	0.00066376
0.062689	1.0209E-06	1	11000000	6.8832E-10	0	6.8832E-10	0.00067425	-0.000051022	0.00067592
0.063981	1.0042E-06	1	11000000	6.8379E-10	0	6.8379E-10	0.00068093	-0.000055313	0.00068307
0.065297	1.0049E-06	1	11000000	6.8832E-10	-2.1458E-11	6.8856E-10	0.00068498	-0.00005436	0.00068713
0.066649	9.8758E-07	1	11000000	6.826E-10	0	6.826E-10	0.00069118	-0.000054837	0.00069332
0.067985	0.000001001	1	11000000	6.826E-10	0	6.826E-10	0.00068188	-0.000054121	0.00068403
0.069311	1.0158E-06	1	11000000	6.8832E-10	-2.1458E-11	6.8856E-10	0.00067759	-0.000054598	0.00067973
0.070673	1.0449E-06	1	11000000	6.8832E-10	-2.1458E-11	6.8856E-10	0.00065875	-0.000052214	0.0006609
0.071964	1.0878E-06	1	11000000	6.8832E-10	0	6.8832E-10	0.00063277	-0.000048876	0.00063444
0.073216	1.1756E-06	1	11000000	7.0382E-10	0	7.0382E-10	0.00059867	-0.000045061	0.00060034
0.074406	1.1799E-06	1	11000000	7.0382E-10	0	7.0382E-10	0.00059653	-0.000042916	0.00059796
0.075563	1.2535E-06	1	11000000	7.0978E-10	0	7.0978E-10	0.00056625	-0.000036717	0.00056744
0.076658	1.3091E-06	1	11000000	7.0978E-10	0	7.0978E-10	0.00054217	-0.000034571	0.00054336
0.077688	1.3161E-06	1	11000000	7.0978E-10	0	7.0978E-10	0.00053931	-0.000033856	0.00054026
0.07863	1.2882E-06	1	11000000	7.0978E-10	0	7.0978E-10	0.00055099	-0.000033379	0.00055194
0.079674	1.2566E-06	1	11000000	7.0978E-10	0	7.0978E-10	0.00056482	-0.000036955	0.00056601
0.080793	1.2166E-06	1	11000000	7.0978E-10	0	7.0978E-10	0.00058341	-0.00003767	0.00058461
0.081904	1.1673E-06	1	11000000	7.0382E-10	0	7.0382E-10	0.00060296	-0.000039816	0.00060416
0.083045	1.1411E-06	1	11000000	7.0382E-10	0	7.0382E-10	0.00061679	-0.000046492	0.00061846
0.084209	1.1341E-06	1	11000000	7.0382E-10	0	7.0382E-10	0.00062061	-0.000047684	0.00062252
0.085406	1.0816E-06	1	11000000	6.8856E-10	0	6.8856E-10	0.00063658	-0.000048638	0.00063825
0.08666	1.0556E-06	1	11000000	6.8832E-10	0	6.8832E-10	0.00065208	-0.000050783	0.00065422
0.087912	1.0441E-06	1	11000000	6.8832E-10	-2.1458E-11	6.8856E-10	0.00065923	-0.000051022	0.00066114
0.089248	0.000001043	1	11000000	6.8832E-10	-2.1458E-11	6.8856E-10	0.00065995	-0.000052691	0.00066209
0.090499	1.0587E-06	1	11000000	6.8856E-10	0	6.8856E-10	0.00065041	-0.00005126	0.00065255
0.091801	0.000001078	1	11000000	6.8832E-10	-1.1683E-11	6.8856E-10	0.00063849	-0.000049353	0.0006404
0.093032	1.1332E-06	1	11000000	7.0382E-10	-5.0068E-12	7.0382E-10	0.00062108	-0.000047207	0.00062299
0.094252	1.1576E-06	1	11000000	7.0382E-10	0	7.0382E-10	0.00060797	-0.000044823	0.00060964
0.095424	1.2098E-06	1	11000000	7.0382E-10	0	7.0382E-10	0.00058175	-0.000038624	0.00058318
0.096567	1.2593E-06	1	11000000	7.0978E-10	0	7.0978E-10	0.00056362	-0.000037432	0.00056482
0.097623	1.2647E-06	1	11000000	7.0978E-10	0	7.0978E-10	0.00056124	-0.000041008	0.00056267
0.098777	1.2647E-06	1	11000000	7.0978E-10	0	7.0978E-10	0.00056124	-0.000035048	0.00056243
0.099837	1.2799E-06	1	11000000	7.0978E-10	-5.4837E-12	7.0978E-10	0.00055457	-0.000035525	0.00055576
0.10089	0.000001262	1	11000000	7.0978E-10	0	7.0978E-10	0.00056243	-0.000038863	0.00056386
0.10196	1.2625E-06	1	11000000	7.0978E-10	0	7.0978E-10	0.0005622	-0.000037194	0.00056339
0.10308	1.2373E-06	1	11000000	7.0978E-10	-2.1458E-11	7.1001E-10	0.00057364	-0.000038624	0.00057507
0.10412	1.1976E-06	1	11000000	7.0382E-10	0	7.0382E-10	0.00058771	-0.000039339	0.0005889
0.10521	1.1803E-06	1	11000000	7.0382E-10	0	7.0382E-10	0.00059629	-0.000039339	0.00059772
0.10637	1.1613E-06	1	11000000	7.0382E-10	0	7.0382E-10	0.00060606	-0.000041247	0.00060726
0.10752	1.1455E-06	1	11000000	7.0382E-10	0	7.0382E-10	0.00061441	-0.000042677	0.00061584
0.10872	1.1284E-06	1	11000000	7.0382E-10	0	7.0382E-10	0.00062371	-0.000047922	0.00062561
0.10988	1.0849E-06	1	11000000	6.8832E-10	0	6.8832E-10	0.00063444	-0.000047684	0.00063634
0.1111	1.1173E-06	1	11000000	7.0382E-10	0	7.0382E-10	0.00062991	-0.000050068	0.00063181
0.11235	1.0878E-06	1	11000000	6.8832E-10	-2.1458E-11	6.8856E-10	0.00063277	-0.0000422	0.0006342
0.11356	1.1044E-06	1	11000000	6.8856E-10	0	6.8856E-10	0.00062347	-0.00004673	0.00062514
0.11475	1.1455E-06	1	11000000	7.0382E-10	-6.9142E-12	7.0382E-10	0.00061441	-0.000044346	0.00061608
0.11594	1.1813E-06	1	11000000	7.0382E-10	-2.1458E-11	7.0405E-10	0.00059581	-0.000045061	0.00059748
0.11713	0.000001186	1	11000000	7.0382E-10	0	7.0382E-10	0.00059343	-0.000041485	0.0005951
0.1183	1.2291E-06	1	11000000	7.0978E-10	0	7.0978E-10	0.00057745	-0.000040055	0.00057888
0.1194	1.2508E-06	1	11000000	7.0978E-10	0	7.0978E-10	0.00056744	-0.000038863	0.00056863
0.12049	1.2566E-06	1	11000000	7.0978E-10	-1.8358E-11	7.0978E-10	0.00056482	-0.000036717	0.00056601
0.1216	1.2744E-06	1	11000000	7.0978E-10	0	7.0978E-10	0.00055695	-0.000035286	0.00055814
0.12264	1.2706E-06	1	11000000	7.0978E-10	0	7.0978E-10	0.00055862	-0.000036717	0.00055981
0.12372	0.000001262	1	11000000	7.0978E-10	0	7.0978E-10	0.00056243	-0.000039339	0.00056386
0.12479	1.2482E-06	1	11000000	7.0978E-10	0	7.0978E-10	0.00056863	-0.000037432	0.00056982
0.12586	1.2239E-06	1	11000000	7.0382E-10	0	7.0382E-10	0.00057507	-0.000036717	0.00057626
0.12696	1.2097E-06	1	11000000	7.0978E-10	0	7.0978E-10	0.00058675	-0.000037909	0.00058794
