-0.99995	-1.72E-11
-0.95003	2.09E-11
-0.89993	2.42E-11
-0.84986	5.50E-11
-0.7998		7.76E-11
-0.74989	7.61E-11
-0.69995	8.95E-11
-0.64995	9.33E-11
-0.59989	8.54E-11
-0.54978	9.46E-11
-0.49983	9.96E-11
-0.44989	9.48E-11
-0.39997	1.02E-10
-0.3499		9.05E-11
-0.2998		9.98E-11
-0.24978	1.04E-10
-0.19983	9.53E-11
-0.14993	9.47E-11
-0.09988	9.76E-11
-0.04982	9.72E-11
7.79E-05	1.01E-10
0.05015		1.02E-10
0.1002		9.77E-11
0.15025		9.73E-11
0.20015		9.75E-11
0.25005		9.29E-11
0.3001		1.04E-10
0.35016		9.95E-11
0.40022		1.01E-10
0.45018		1.05E-10
0.50008		9.48E-11
0.55005		1.17E-10
0.60012		1.07E-10
0.65019		1.17E-10
0.70022		1.32E-10
0.75012		1.31E-10
0.80003		1.58E-10
0.85008		1.85E-10
0.90015		2.12E-10
0.95024		2.61E-10
1.00016		3.16E-10
