-0.7998	-3.45E-12
-0.75989	3.04E-11
-0.71995	4.73E-11
-0.67999	5.11E-11
-0.63993	7.07E-11
-0.59989	6.62E-11
-0.55981	7.68E-11
-0.51979	8.44E-11
-0.47984	7.97E-11
-0.43993	9.09E-11
-0.39997	9.23E-11
-0.35989	9.07E-11
-0.31985	9.33E-11
-0.27978	1.02E-10
-0.23978	9.78E-11
-0.19983	1.02E-10
-0.15992	8.80E-11
-0.11994	8.92E-11
-0.07986	9.47E-11
-0.03979	9.50E-11
7.74E-05	9.79E-11
0.04012		9.88E-11
0.08019		8.78E-11
0.12026		1.01E-10
0.16021		9.88E-11
0.20015		9.82E-11
0.24009		1.08E-10
0.28004		9.77E-11
0.32012		9.68E-11
0.36018		1.05E-10
0.40022		9.74E-11
0.44018		1.17E-10
0.48012		1.17E-10
0.52007		1.15E-10
0.56005		1.45E-10
0.60012		1.61E-10
0.6402		1.88E-10
0.68023		2.27E-10
0.72017		2.63E-10
0.76011		3.21E-10
0.80003		3.97E-10
