-0.7998	2.76E-11
-0.75989	5.20E-11
-0.71995	5.95E-11
-0.67999	7.18E-11
-0.63993	7.40E-11
-0.59989	8.29E-11
-0.55981	8.54E-11
-0.51979	8.84E-11
-0.47984	9.20E-11
-0.43993	9.87E-11
-0.39997	8.63E-11
-0.35989	9.60E-11
-0.31985	8.84E-11
-0.27978	9.09E-11
-0.23978	9.25E-11
-0.19983	9.53E-11
-0.15993	9.27E-11
-0.11994	9.96E-11
-0.07986	8.94E-11
-0.03979	9.83E-11
7.69E-05	9.95E-11
0.04012		9.66E-11
0.08019		1.08E-10
0.12026		9.60E-11
0.16021		9.62E-11
0.20015		9.64E-11
0.24009		9.57E-11
0.28004		1.03E-10
0.32012		9.99E-11
0.36018		9.66E-11
0.40022		1.05E-10
0.44018		9.50E-11
0.48012		1.07E-10
0.52007		1.13E-10
0.56005		1.13E-10
0.60012		1.24E-10
0.6402		1.35E-10
0.68023		1.49E-10
0.72017		1.74E-10
0.76012		2.00E-10
0.80003		2.26E-10
