-0.11629	3.4146E-06	1	11000000	6.2442E-10	2.1219E-11	6.2466E-10	0.00018287	0.000030041	0.00018525
-0.11632	1.2064E-06	1	11000000	7.0382E-10	0	7.0382E-10	0.00058341	-0.000040531	0.00058484
-0.11632	1.1673E-06	1	11000000	7.0382E-10	-2.1458E-11	7.0405E-10	0.00060296	-0.000046969	0.00060463
-0.11628	1.1599E-06	1	11000000	7.0382E-10	0	7.0382E-10	0.00060678	-0.000046015	0.00060845
-0.11625	1.1572E-06	1	11000000	7.0382E-10	-2.1458E-11	7.0405E-10	0.00060821	-0.000045538	0.00060988
-0.11622	1.1677E-06	1	11000000	7.0382E-10	-2.1458E-11	7.0405E-10	0.00060273	-0.000041724	0.00060416
-0.11633	1.1874E-06	1	11000000	7.0382E-10	0	7.0382E-10	0.00059271	-0.000042677	0.00059414
-0.11634	1.1636E-06	1	11000000	7.0382E-10	-2.1458E-11	7.0405E-10	0.00060487	-0.000045538	0.00060654
-0.11629	1.1627E-06	1	11000000	7.0382E-10	0	7.0382E-10	0.00060535	-0.00004673	0.00060726
-0.11633	1.1549E-06	1	11000000	7.0382E-10	-2.1458E-11	7.0405E-10	0.0006094	-0.000044108	0.00061107
-0.11632	0.000001187	1	11000000	7.0382E-10	0	7.0382E-10	0.00059295	-0.000037909	0.00059414
-0.11643	1.1668E-06	1	11000000	7.0382E-10	0	7.0382E-10	0.0006032	-0.000047207	0.00060511
-0.1164	1.1817E-06	1	11000000	7.0382E-10	0	7.0382E-10	0.00059557	-0.000048399	0.00059772
-0.11641	1.1903E-06	1	11000000	7.0382E-10	0	7.0382E-10	0.00059128	-0.000044108	0.00059295
-0.11644	0.000001178	1	11000000	7.0382E-10	-2.3842E-12	7.0382E-10	0.00059748	-0.000041724	0.00059891
-0.11593	1.1775E-06	1	11000000	7.0382E-10	-2.1458E-11	7.0405E-10	0.00059772	-0.000039339	0.00059891
-0.11496	1.1836E-06	1	11000000	7.0382E-10	0	7.0382E-10	0.00059462	-0.000046492	0.00059653
-0.11374	1.1874E-06	1	11000000	7.0382E-10	-2.1458E-11	7.0405E-10	0.00059271	-0.000041962	0.00059414
-0.11265	1.2039E-06	1	11000000	7.0382E-10	0	7.0382E-10	0.00058461	-0.000039578	0.00058604
-0.11153	1.2203E-06	1	11000000	7.0382E-10	0	7.0382E-10	0.00057674	-0.000034571	0.00057793
-0.11048	1.2609E-06	1	11000000	7.0978E-10	0	7.0978E-10	0.00056291	-0.000036001	0.0005641
-0.10947	1.2799E-06	1	11000000	7.0978E-10	0	7.0978E-10	0.00055457	-0.000036717	0.00055576
-0.10842	1.2938E-06	1	11000000	7.0978E-10	0	7.0978E-10	0.0005486	-0.000033617	0.0005498
-0.10739	1.3132E-06	1	11000000	7.0978E-10	-5.4837E-12	7.0978E-10	0.0005405	-0.000032902	0.00054145
-0.10638	1.2679E-06	1	11000000	7.0978E-10	0	7.0978E-10	0.00055981	-0.00003624	0.000561
-0.10527	1.2788E-06	1	11000000	7.0978E-10	0	7.0978E-10	0.00055504	-0.000035048	0.00055623
-0.10421	1.2657E-06	1	11000000	7.0978E-10	0	7.0978E-10	0.00056076	-0.000032664	0.00056196
-0.10314	1.2577E-06	1	11000000	7.0978E-10	0	7.0978E-10	0.00056434	-0.000033856	0.00056529
-0.10211	1.2566E-06	1	11000000	7.0978E-10	0	7.0978E-10	0.00056482	-0.00003767	0.00056625
-0.10111	1.2456E-06	1	11000000	7.0978E-10	0	7.0978E-10	0.00056982	-0.000038863	0.00057126
-0.1001	1.2216E-06	1	11000000	7.0978E-10	-2.1458E-11	7.1001E-10	0.00058103	-0.000036717	0.00058222
-0.099014	1.1884E-06	1	11000000	7.0382E-10	0	7.0382E-10	0.00059223	-0.000041724	0.0005939
-0.097919	1.1263E-06	1	11000000	7.0382E-10	0	7.0382E-10	0.0006249	-0.000046015	0.00062657
-0.09691	1.0598E-06	1	11000000	6.8832E-10	-2.1458E-11	6.8856E-10	0.00064946	-0.000049353	0.00065113
-0.095561	1.0575E-06	1	11000000	6.8832E-10	-2.1458E-11	6.8856E-10	0.00065089	-0.000049591	0.00065279
-0.094297	1.0587E-06	1	11000000	6.8856E-10	0	6.8856E-10	0.00065041	-0.00005436	0.00065279
-0.093089	1.0626E-06	1	11000000	6.8832E-10	0	6.8832E-10	0.00064779	-0.000048876	0.00064969
-0.091915	1.0701E-06	1	11000000	6.8832E-10	0	6.8832E-10	0.00064326	-0.000050545	0.0006454
-0.090711	1.0956E-06	1	11000000	6.8832E-10	-2.1458E-11	6.8856E-10	0.00062824	-0.000050545	0.00063014
-0.089487	1.1104E-06	1	11000000	6.8832E-10	-2.1458E-11	6.8856E-10	0.00061989	-0.000047445	0.00062156
-0.088309	1.1677E-06	1	11000000	7.0382E-10	-2.1458E-11	7.0405E-10	0.00060273	-0.000045061	0.00060439
-0.087216	1.1827E-06	1	11000000	7.0382E-10	-2.1458E-11	7.0405E-10	0.0005951	-0.000040055	0.00059629
-0.086076	1.2044E-06	1	11000000	7.0382E-10	-2.1458E-11	7.0405E-10	0.00058437	-0.000041008	0.0005858
-0.085003	1.2393E-06	1	11000000	7.0382E-10	0	7.0382E-10	0.00056792	-0.000038386	0.00056911
-0.083943	1.2782E-06	1	11000000	7.0978E-10	0	7.0978E-10	0.00055528	-0.000036478	0.00055623
-0.082863	0.000001308	1	11000000	7.0978E-10	-2.0504E-11	7.1025E-10	0.00054264	-0.000033856	0.0005436
-0.081872	1.3011E-06	1	11000000	7.0978E-10	0	7.0978E-10	0.0005455	-0.000033617	0.00054646
-0.080869	1.2614E-06	1	11000000	7.0978E-10	0	7.0978E-10	0.00056267	-0.000035763	0.00056386
-0.07986	1.2409E-06	1	11000000	7.0978E-10	0	7.0978E-10	0.00057197	-0.000037194	0.00057316
-0.078808	1.1775E-06	1	11000000	7.0382E-10	0	7.0382E-10	0.00059772	-0.000044346	0.00059939
-0.077728	1.0866E-06	1	11000000	6.8832E-10	-2.1458E-11	6.8856E-10	0.00063348	-0.000051022	0.00063563
-0.07655	1.0653E-06	1	11000000	6.8832E-10	-2.1458E-11	6.8879E-10	0.00064612	-0.00004983	0.00064779
-0.075383	1.0322E-06	1	11000000	6.8832E-10	-2.1458E-11	6.8856E-10	0.00066686	-0.000052214	0.00066877
-0.074148	1.0158E-06	1	11000000	6.8832E-10	-2.1458E-11	6.8856E-10	0.00067759	-0.000053883	0.00067973
-0.072814	1.0031E-06	1	11000000	6.8856E-10	-2.1458E-11	6.8879E-10	0.00068641	-0.00005889	0.00068903
-0.071593	9.9031E-07	1	11000000	6.826E-10	-2.1458E-11	6.8283E-10	0.00068927	-0.000057221	0.00069166
-0.07028	0.000000991	1	11000000	6.826E-10	-2.1458E-11	6.8283E-10	0.00068879	-0.000055552	0.00069094
-0.068966	9.9513E-07	1	11000000	6.826E-10	-2.1458E-11	6.8283E-10	0.00068593	-0.000053883	0.00068808
-0.067699	1.0063E-06	1	11000000	6.826E-10	-9.5368E-12	6.826E-10	0.00067831	-0.00005436	0.00068045
-0.066432	1.0396E-06	1	11000000	6.8832E-10	-2.1458E-11	6.8856E-10	0.00066209	-0.000051975	0.00066424
-0.06518	1.0776E-06	1	11000000	6.8832E-10	-2.1458E-11	6.8856E-10	0.00063873	-0.00005126	0.00064087
-0.063979	1.1125E-06	1	11000000	6.8856E-10	-9.06E-12	6.8856E-10	0.00061894	-0.000047445	0.00062085
-0.062799	1.1663E-06	1	11000000	7.0382E-10	0	7.0382E-10	0.00060344	-0.000041247	0.00060487
-0.061657	1.2029E-06	1	11000000	7.0382E-10	0	7.0382E-10	0.00058508	-0.00003767	0.00058628
-0.060543	0.000001242	1	11000000	7.0978E-10	0	7.0978E-10	0.00057149	-0.000037909	0.00057292
-0.059536	0.000001254	1	11000000	7.0978E-10	-2.1458E-11	7.1001E-10	0.00056601	-0.000038863	0.00056744
-0.058418	1.1932E-06	1	11000000	7.0382E-10	0	7.0382E-10	0.00058985	-0.000044823	0.00059152
-0.057382	1.1402E-06	1	11000000	7.0382E-10	0	7.0382E-10	0.00061727	-0.000048161	0.00061894
-0.05625	1.0673E-06	1	11000000	6.8832E-10	-1.9074E-11	6.8856E-10	0.00064493	-0.000050068	0.00064707
-0.055066	1.0084E-06	1	11000000	6.8832E-10	-2.1458E-11	6.8856E-10	0.0006826	-0.000054837	0.00068474
-0.053814	9.788E-07	1	11000000	6.826E-10	-2.1458E-11	6.8283E-10	0.00069738	-0.000057221	0.00069976
-0.052505	9.7117E-07	1	11000000	6.826E-10	-2.1458E-11	6.8283E-10	0.00070286	-0.00005436	0.00070501
-0.051224	9.6074E-07	1	11000000	6.826E-10	0	6.826E-10	0.00071049	-0.000057698	0.00071287
-0.049916	9.3838E-07	1	11000000	6.826E-10	-2.1458E-11	6.8283E-10	0.00072742	-0.000061036	0.0007298
-0.048552	8.8713E-07	1	11000000	6.671E-10	-2.1458E-11	6.6734E-10	0.00075198	-0.000067473	0.00075508
-0.047152	8.8126E-07	1	11000000	6.671E-10	-2.1458E-11	6.6734E-10	0.00075698	-0.000070572	0.00076032
-0.045729	8.8741E-07	1	11000000	6.671E-10	-2.1458E-11	6.6734E-10	0.00075174	-0.000069857	0.00075484
-0.044273	9.0229E-07	1	11000000	6.671E-10	-2.1458E-11	6.6734E-10	0.00073934	-0.000067711	0.00074244
-0.042852	9.2834E-07	1	11000000	6.671E-10	-2.1458E-11	6.6734E-10	0.0007186	-0.000059367	0.00072122
-0.041488	9.7713E-07	1	11000000	6.826E-10	0	6.826E-10	0.00069857	-0.000057221	0.00070095
-0.040155	1.0263E-06	1	11000000	6.8832E-10	-2.1458E-11	6.8856E-10	0.00067068	-0.000054121	0.00067282
-0.038865	1.0788E-06	1	11000000	6.8832E-10	-2.1458E-11	6.8856E-10	0.00063801	-0.000051975	0.00064016
-0.037636	1.1044E-06	1	11000000	6.8832E-10	0	6.8832E-10	0.00062323	-0.000053168	0.00062561
-0.036429	1.1827E-06	1	11000000	7.0382E-10	-2.1458E-11	7.0405E-10	0.0005951	-0.000035525	0.00059629
-0.035292	1.1966E-06	1	11000000	7.0382E-10	-2.1458E-11	7.0405E-10	0.00058818	-0.000036478	0.00058961
-0.034189	1.1451E-06	1	11000000	7.0382E-10	0	7.0382E-10	0.00061465	-0.000046492	0.00061632
-0.033041	1.0296E-06	1	11000000	6.8832E-10	-2.1458E-11	6.8856E-10	0.00066853	-0.000055552	0.00067091
-0.031814	9.3015E-07	1	11000000	6.826E-10	-2.1458E-11	6.8283E-10	0.00073386	-0.000068427	0.00073696
-0.030494	8.4762E-07	1	11000000	6.671E-10	-2.1458E-11	6.6734E-10	0.00078702	-0.00006795	0.00078988
-0.029045	7.9799E-07	1	11000000	6.6114E-10	-2.1458E-11	6.6161E-10	0.00082851	-0.000077248	0.00083208
-0.027479	7.4724E-07	1	11000000	6.4564E-10	-2.1458E-11	6.4612E-10	0.00086403	-0.000088692	0.00086856
-0.025861	7.4273E-07	1	11000000	6.4564E-10	-2.1458E-11	6.4612E-10	0.00086928	-0.00009203	0.00087405
-0.024192	7.1005E-07	1	11000000	6.3992E-10	-2.1458E-11	6.4016E-10	0.00090123	-0.000093699	0.00090599
-0.022468	7.0336E-07	1	11000000	6.3992E-10	-2.1458E-11	6.4016E-10	0.00090981	-0.000092507	0.00091458
-0.020703	6.8803E-07	1	11000000	6.3992E-10	-2.1458E-11	6.4016E-10	0.00093008	-0.000097752	0.00093508
-0.018921	6.8645E-07	1	11000000	6.3992E-10	-2.1458E-11	6.4016E-10	0.00093222	-0.00011063	0.0009389
-0.017082	6.8239E-07	1	11000000	6.2442E-10	-2.1458E-11	6.2466E-10	0.00091505	-0.000099898	0.00092078
-0.015277	7.5351E-07	1	11000000	6.3992E-10	-2.1458E-11	6.4016E-10	0.00084925	-0.000076533	0.00085283
-0.013562	8.8655E-07	1	11000000	6.6328E-10	-2.1458E-11	6.6352E-10	0.00074816	-0.000051975	0.00075007
-0.012059	9.8826E-07	1	11000000	6.826E-10	-2.1458E-11	6.8283E-10	0.0006907	-0.000031233	0.00069142
-0.01073	9.1178E-07	1	11000000	6.826E-10	-2.1458E-11	6.8283E-10	0.00074864	-0.000059605	0.00075102
-0.0093465	6.4614E-07	1	11000000	6.4564E-10	-2.1458E-11	6.4612E-10	0.00099922	-0.000088931	0.0010033
-0.0076456	3.5389E-07	1	11000000	5.4193E-10	-2.1458E-11	5.4241E-10	0.0015314	-0.00029087	0.0015585
-0.0049073	1.7349E-07	1	11000000	3.8481E-10	2.1219E-11	3.8552E-10	0.002218	-0.00064636	0.0023101
-0.00026052	1.9938E-07	1	11000000	3.6836E-10	2.1219E-11	3.6907E-10	0.0018475	-0.00045133	0.0019019
0.0047343	4.5447E-07	1	11000000	5.3311E-10	0	5.3311E-10	0.001173	-0.00017882	0.0011864
0.0079761	7.7528E-07	1	11000000	6.3992E-10	-2.1458E-11	6.4016E-10	0.00082541	-0.000084162	0.00082994
0.010133	9.8014E-07	1	11000000	6.826E-10	-2.1458E-11	6.8283E-10	0.00069642	-0.000054837	0.00069857
0.011584	1.0165E-06	1	11000000	6.8832E-10	-2.1458E-11	6.8856E-10	0.00067711	-0.000048399	0.00067878
0.012876	9.3015E-07	1	11000000	6.826E-10	-2.1458E-11	6.8283E-10	0.00073386	-0.000059367	0.00073624
0.014254	8.0333E-07	1	11000000	6.671E-10	-2.1458E-11	6.6734E-10	0.00083042	-0.000081063	0.00083423
0.015745	7.2252E-07	1	11000000	6.4564E-10	-2.1458E-11	6.4612E-10	0.0008936	-0.000094414	0.0008986
0.017423	6.9932E-07	1	11000000	6.3992E-10	-2.1458E-11	6.4016E-10	0.00091505	-0.000098706	0.0009203
0.019185	6.9878E-07	1	11000000	6.3992E-10	-2.1458E-11	6.4016E-10	0.00091577	-0.000096798	0.00092078
0.020973	7.006E-07	1	11000000	6.3992E-10	-2.1458E-11	6.4016E-10	0.00091338	-0.00009799	0.00091839
0.022796	7.0225E-07	1	11000000	6.3992E-10	-2.1458E-11	6.4016E-10	0.00091124	-0.00010038	0.00091672
0.024635	7.1707E-07	1	11000000	6.3992E-10	-2.1458E-11	6.4016E-10	0.0008924	-0.00009799	0.00089789
0.026384	7.3595E-07	1	11000000	6.3992E-10	-2.1458E-11	6.4016E-10	0.00086952	-0.000090838	0.00087405
0.02807	7.8425E-07	1	11000000	6.4564E-10	-2.1458E-11	6.4612E-10	0.00082326	-0.000079394	0.00082708
0.02963	8.8679E-07	1	11000000	6.6114E-10	-2.1458E-11	6.6161E-10	0.00074554	-0.00006795	0.0007484
0.031159	9.715E-07	1	11000000	6.826E-10	-2.1458E-11	6.8283E-10	0.00070262	-0.000058413	0.00070501
0.032525	1.0677E-06	1	11000000	6.8832E-10	-2.1458E-11	6.8856E-10	0.00064469	-0.000050545	0.0006466
0.033798	1.1937E-06	1	11000000	7.0382E-10	-2.1458E-11	7.0405E-10	0.00058961	-0.000040293	0.00059081
0.03489	0.000001263	1	11000000	7.0978E-10	0	7.0978E-10	0.00056196	-0.00003767	0.00056315
0.035927	1.2446E-06	1	11000000	7.0978E-10	0	7.0978E-10	0.0005703	-0.000037909	0.00057173
0.036943	1.1961E-06	1	11000000	7.0978E-10	0	7.0978E-10	0.00059343	-0.000040531	0.00059462
0.038042	1.1319E-06	1	11000000	7.0382E-10	-2.1458E-11	7.0405E-10	0.0006218	-0.000045777	0.00062347
0.039191	1.0521E-06	1	11000000	6.8832E-10	0	6.8832E-10	0.00065422	-0.000050068	0.00065613
0.040383	9.9965E-07	1	11000000	6.8832E-10	0	6.8832E-10	0.00068856	-0.000055313	0.00069094
0.041647	9.7018E-07	1	11000000	6.826E-10	-2.1458E-11	6.8283E-10	0.00070358	-0.000057936	0.00070596
0.042955	9.4333E-07	1	11000000	6.826E-10	-2.1458E-11	6.8283E-10	0.0007236	-0.000062466	0.00072623
0.044334	9.0726E-07	1	11000000	6.671E-10	-2.1458E-11	6.6734E-10	0.00073529	-0.000063897	0.00073815
0.045727	8.8432E-07	1	11000000	6.671E-10	-2.1458E-11	6.6758E-10	0.00075436	-0.000067234	0.00075722
0.04714	8.7794E-07	1	11000000	6.671E-10	-2.1458E-11	6.6734E-10	0.00075984	-0.000068188	0.00076294
0.04861	8.8209E-07	1	11000000	6.671E-10	-2.1458E-11	6.6734E-10	0.00075627	-0.00006938	0.00075937
0.04993	8.9881E-07	1	11000000	6.671E-10	-2.1458E-11	6.6734E-10	0.0007422	-0.000063181	0.00074482
0.051472	9.2374E-07	1	11000000	6.671E-10	-2.1458E-11	6.6734E-10	0.00072217	-0.000059128	0.00072456
0.05287	9.9134E-07	1	11000000	6.826E-10	-2.1458E-11	6.8283E-10	0.00068856	-0.00005579	0.0006907
0.054169	1.0674E-06	1	11000000	6.8307E-10	0	6.8307E-10	0.00063992	-0.000051022	0.00064183
0.055387	0.000001154	1	11000000	7.0382E-10	-2.1458E-11	7.0405E-10	0.00060988	-0.0000422	0.00061131
0.056633	1.2083E-06	1	11000000	7.0382E-10	-2.1458E-11	7.0405E-10	0.00058246	-0.000037432	0.00058341
0.057709	1.2425E-06	1	11000000	7.0978E-10	-2.1458E-11	7.1001E-10	0.00057126	-0.000033856	0.00057221
0.058728	1.2126E-06	1	11000000	7.0978E-10	-2.861E-12	7.0978E-10	0.00058532	-0.000038147	0.00058651
0.059759	1.1627E-06	1	11000000	7.0382E-10	-2.1458E-11	7.0405E-10	0.00060535	-0.000043869	0.00060678
0.060895	1.1673E-06	1	11000000	7.0382E-10	0	7.0382E-10	0.00060296	-0.00004077	0.00060416
0.062062	1.1398E-06	1	11000000	7.0382E-10	-2.1458E-11	7.0405E-10	0.00061751	-0.000047922	0.00061942
0.06319	1.0797E-06	1	11000000	6.8832E-10	-2.1458E-11	6.8856E-10	0.00063753	-0.000049591	0.00063944
0.064377	1.0396E-06	1	11000000	6.8832E-10	-2.1458E-11	6.8856E-10	0.00066209	-0.000050068	0.000664
0.065598	1.0183E-06	1	11000000	6.8832E-10	-2.1458E-11	6.8856E-10	0.00067592	-0.00005436	0.00067807
0.066869	1.0141E-06	1	11000000	6.8832E-10	-2.1458E-11	6.8856E-10	0.00067878	-0.00005579	0.00068117
0.068126	1.0073E-06	1	11000000	6.8832E-10	-2.1458E-11	6.8856E-10	0.00068331	-0.000057221	0.0006857
0.069428	9.9169E-07	1	11000000	6.826E-10	-2.1458E-11	6.8283E-10	0.00068832	-0.000054837	0.00069046
0.070734	1.0112E-06	1	11000000	6.8832E-10	-2.1458E-11	6.8856E-10	0.00068069	-0.000053168	0.0006826
0.07204	1.0149E-06	1	11000000	6.826E-10	-2.1458E-11	6.8283E-10	0.00067258	-0.000055552	0.00067497
0.073241	1.0449E-06	1	11000000	6.8832E-10	-5.0068E-12	6.8832E-10	0.00065875	-0.000051022	0.0006609
0.074478	1.0626E-06	1	11000000	6.8832E-10	-2.1458E-11	6.8856E-10	0.00064779	-0.00004983	0.00064946
0.075694	1.1095E-06	1	11000000	6.8832E-10	-2.1458E-11	6.8856E-10	0.00062037	-0.000043869	0.0006218
0.076795	0.000001171	1	11000000	7.0382E-10	0	7.0382E-10	0.00060106	-0.000039816	0.00060249
0.077885	1.2173E-06	1	11000000	7.0382E-10	-2.1458E-11	7.0405E-10	0.00057817	-0.000037194	0.00057936
0.078987	1.2679E-06	1	11000000	7.0978E-10	0	7.0978E-10	0.00055981	-0.000034809	0.00056076
0.079973	0.000001269	1	11000000	7.0978E-10	-2.1458E-11	7.1001E-10	0.00055933	-0.000034571	0.00056029
0.080969	1.2535E-06	1	11000000	7.0978E-10	0	7.0978E-10	0.00056625	-0.000036001	0.00056744
0.082012	1.1951E-06	1	11000000	7.0382E-10	-2.1458E-11	7.0405E-10	0.0005889	-0.000040055	0.00059009
0.08301	1.1654E-06	1	11000000	7.0382E-10	0	7.0382E-10	0.00060392	-0.000041485	0.00060535
0.084099	1.1486E-06	1	11000000	7.0382E-10	0	7.0382E-10	0.00061274	-0.000046492	0.00061441
0.085389	1.1267E-06	1	11000000	7.0382E-10	-2.1458E-11	7.0405E-10	0.00062466	-0.000047922	0.00062657
0.086632	1.0833E-06	1	11000000	6.8832E-10	0	6.8832E-10	0.00063539	-0.00004673	0.00063706
0.087811	1.0673E-06	1	11000000	6.8832E-10	0	6.8832E-10	0.00064493	-0.000051975	0.00064683
0.08898	1.0559E-06	1	11000000	6.8856E-10	-2.1458E-11	6.8879E-10	0.00065208	-0.00005436	0.00065422
0.090256	1.0419E-06	1	11000000	6.8832E-10	-2.1458E-11	6.8856E-10	0.00066066	-0.000054121	0.00066281
0.091439	1.0307E-06	1	11000000	6.8832E-10	-2.1458E-11	6.8856E-10	0.00066781	-0.000053644	0.00066996
0.092679	0.000001043	1	11000000	6.8832E-10	-2.1458E-11	6.8856E-10	0.00065995	-0.000050545	0.00066161
0.093929	1.0598E-06	1	11000000	6.8832E-10	-2.1458E-11	6.8856E-10	0.00064946	-0.000047922	0.00065113
0.095181	1.0857E-06	1	11000000	6.8832E-10	-2.1458E-11	6.8856E-10	0.00063396	-0.000050307	0.0006361
0.096354	0.000001171	1	11000000	7.0382E-10	-2.1458E-11	7.0405E-10	0.00060106	-0.000040531	0.00060225
0.097524	1.2049E-06	1	11000000	7.0382E-10	0	7.0382E-10	0.00058413	-0.000038147	0.00058508
0.098627	1.2572E-06	1	11000000	7.0978E-10	0	7.0978E-10	0.00056458	-0.000035286	0.00056577
0.099678	1.2625E-06	1	11000000	7.0978E-10	0	7.0978E-10	0.0005622	-0.000032425	0.00056315
0.10068	1.2876E-06	1	11000000	7.0978E-10	0	7.0978E-10	0.00055123	-0.00003624	0.00055242
0.10177	1.2771E-06	1	11000000	7.0978E-10	0	7.0978E-10	0.00055576	-0.000035525	0.00055695
0.10283	0.000001242	1	11000000	7.0978E-10	0	7.0978E-10	0.00057149	-0.000035286	0.00057245
0.10362	1.2103E-06	1	11000000	7.0382E-10	0	7.0382E-10	0.00058151	-0.000038863	0.00058294
0.10465	1.2415E-06	1	11000000	7.0978E-10	0	7.0978E-10	0.00057173	-0.000034332	0.00057268
0.10584	1.1894E-06	1	11000000	7.0382E-10	-2.1458E-11	7.0405E-10	0.00059176	-0.000041008	0.00059295
0.10702	1.1627E-06	1	11000000	7.0382E-10	-2.1458E-11	7.0405E-10	0.00060535	-0.000041008	0.00060678
0.10812	1.1332E-06	1	11000000	7.0382E-10	0	7.0382E-10	0.00062108	-0.000048161	0.00062275
0.10928	0.000001125	1	11000000	7.0382E-10	-2.1458E-11	7.0405E-10	0.00062561	-0.000048876	0.00062728
0.1105	1.0907E-06	1	11000000	6.8832E-10	-2.1458E-11	6.8856E-10	0.0006311	-0.00005126	0.00063324
0.11165	1.0915E-06	1	11000000	6.8856E-10	-1.0729E-11	6.8856E-10	0.00063086	-0.000052929	0.000633
0.11277	1.0857E-06	1	11000000	6.8856E-10	-2.1458E-11	6.8879E-10	0.0006342	-0.000047207	0.0006361
0.11397	1.0911E-06	1	11000000	6.8832E-10	-2.1458E-11	6.8856E-10	0.00063086	-0.000049114	0.00063277
0.1152	1.0857E-06	1	11000000	6.8832E-10	0	6.8832E-10	0.00063396	-0.00004673	0.00063563
0.11633	1.1091E-06	1	11000000	6.8832E-10	-2.1458E-11	6.8856E-10	0.00062061	-0.00004673	0.00062252
0.1175	0.000001154	1	11000000	7.0382E-10	-2.1458E-11	7.0405E-10	0.00060988	-0.000041962	0.00061131
0.11855	1.1855E-06	1	11000000	7.0382E-10	0	7.0382E-10	0.00059367	-0.000037909	0.00059486
0.11969	1.2183E-06	1	11000000	7.0382E-10	0	7.0382E-10	0.00057769	-0.000044823	0.00057936
0.12084	1.2545E-06	1	11000000	7.0978E-10	-1.6689E-11	7.1001E-10	0.00056577	-0.000037194	0.00056696
0.12184	1.2582E-06	1	11000000	7.0978E-10	-2.1458E-11	7.1001E-10	0.0005641	-0.00003767	0.00056529
