-0.10333	2.1488E-07	0.1	11000000	6.1989E-11	7.7725E-11	9.9421E-11	0.00028849	-0.00016832	0.00033403
-0.10338	1.0687E-06	0.1	11000000	7.0453E-11	8.4639E-12	7.1049E-11	0.000065923	-0.000012875	0.000067115
-0.10339	1.2569E-06	0.1	11000000	7.0572E-11	8.4639E-12	7.1049E-11	0.000056148	-4.1723E-06	0.000056386
-0.1034	1.3011E-06	0.1	11000000	7.0572E-11	8.4639E-12	7.1168E-11	0.00005424	-3.6955E-06	0.00005436
-0.10341	1.4154E-06	0.1	11000000	7.6771E-11	0	7.6771E-11	0.00005424	-4.2916E-06	0.00005436
-0.1034	1.2842E-06	0.1	11000000	7.0572E-11	3.2187E-12	7.0572E-11	0.000054956	-2.9802E-06	0.000054956
-0.10339	1.2759E-06	0.1	11000000	7.0572E-11	0	7.0572E-11	0.000055313	-4.0531E-06	0.000055433
-0.1034	0.000001304	0.1	11000000	7.0572E-11	0	7.0572E-11	0.000054121	-0.00000453	0.00005424
-0.10342	1.2739E-06	0.1	11000000	6.8188E-11	0	6.8188E-11	0.000053525	-3.0995E-06	0.000053644
-0.10344	1.4031E-06	0.1	11000000	7.6771E-11	8.4639E-12	7.7248E-11	0.000054717	-0.000005126	0.000054956
-0.10341	1.2786E-06	0.1	11000000	7.0572E-11	0	7.0572E-11	0.000055194	-6.0797E-06	0.000055552
-0.10337	1.2786E-06	0.1	11000000	7.0572E-11	0	7.0572E-11	0.000055194	-0.00000453	0.000055313
-0.10287	1.1745E-06	0.1	11000000	6.8188E-11	0	6.8188E-11	0.000058055	-3.2187E-06	0.000058055
-0.10191	1.3558E-06	0.1	11000000	7.6771E-11	0	7.6771E-11	0.000056625	-4.4108E-06	0.000056863
-0.10087	1.2042E-06	0.1	11000000	6.8188E-11	0	6.8188E-11	0.000056625	-4.6492E-06	0.000056863
-0.099854	1.2328E-06	0.1	11000000	6.8188E-11	0	6.8188E-11	0.000055313	-3.0995E-06	0.000055433
-0.098832	1.2982E-06	0.1	11000000	7.0572E-11	0	7.0572E-11	0.00005436	-3.8147E-06	0.000054479
-0.09786	1.2408E-06	0.1	11000000	6.8188E-11	0	6.8188E-11	0.000054956	-4.2916E-06	0.000055075
-0.096869	1.2599E-06	0.1	11000000	6.8188E-11	0	6.8188E-11	0.000054121	-3.5763E-06	0.00005424
-0.095889	1.3704E-06	0.1	11000000	7.0572E-11	0	7.0572E-11	0.000051499	-5.2452E-06	0.000051856
-0.094926	1.5189E-06	0.1	11000000	7.6771E-11	0	7.6771E-11	0.000050545	-3.2187E-06	0.000050664
-0.093958	1.5047E-06	0.1	11000000	7.6771E-11	0	7.6771E-11	0.000051022	-3.9339E-06	0.00005126
-0.093048	1.3394E-06	0.1	11000000	7.0572E-11	0	7.0572E-11	0.000052691	-2.5034E-06	0.000052691
-0.092137	1.4369E-06	0.1	11000000	7.0572E-11	0	7.0572E-11	0.000049114	-3.0995E-06	0.000049114
-0.091222	1.3485E-06	0.1	11000000	7.0572E-11	0	7.0572E-11	0.000052333	-2.3842E-06	0.000052452
-0.090305	1.3704E-06	0.1	11000000	7.0572E-11	0	7.0572E-11	0.000051499	-3.6955E-06	0.000051618
-0.089356	1.3365E-06	0.1	11000000	6.8188E-11	5.7221E-12	6.8427E-11	0.000051022	-3.6955E-06	0.00005126
-0.088444	1.4248E-06	0.1	11000000	7.6771E-11	0	7.6771E-11	0.000053883	-4.1723E-06	0.000054002
-0.087481	1.4031E-06	0.1	11000000	7.6771E-11	0	7.6771E-11	0.000054717	-5.0068E-06	0.000054956
-0.086466	1.1626E-06	0.1	11000000	6.8188E-11	0	6.8188E-11	0.000058651	-4.8876E-06	0.00005889
-0.08537	1.1967E-06	0.1	11000000	6.8188E-11	0	6.8188E-11	0.000056982	-4.1723E-06	0.000057102
-0.084255	1.2505E-06	0.1	11000000	7.6771E-11	8.4639E-12	7.7248E-11	0.000061393	-6.4373E-06	0.000061751
-0.083115	1.1021E-06	0.1	11000000	6.8188E-11	0	6.8188E-11	0.00006187	-5.7221E-06	0.000062109
-0.082029	1.1745E-06	0.1	11000000	6.8188E-11	0	6.8188E-11	0.000058055	-3.5763E-06	0.000058174
-0.080924	1.1794E-06	0.1	11000000	6.8188E-11	8.4639E-12	6.8784E-11	0.000057817	-6.4373E-06	0.000058174
-0.079813	1.2042E-06	0.1	11000000	6.8188E-11	0	6.8188E-11	0.000056625	-5.4837E-06	0.000056982
-0.078733	0.000001217	0.1	11000000	6.8188E-11	0	6.8188E-11	0.000056029	-4.8876E-06	0.000056267
-0.077657	1.3417E-06	0.1	11000000	7.6771E-11	8.4639E-12	7.7248E-11	0.000057221	-4.7684E-06	0.000057459
-0.076587	1.3702E-06	0.1	11000000	7.6771E-11	0	7.6771E-11	0.000056029	-5.4837E-06	0.000056267
-0.075536	1.2408E-06	0.1	11000000	6.8188E-11	0	6.8188E-11	0.000054956	-3.9339E-06	0.000055194
-0.074529	1.2709E-06	0.1	11000000	6.8784E-11	0	6.8784E-11	0.000054121	-5.0068E-06	0.00005424
-0.073523	1.4407E-06	0.1	11000000	7.6771E-11	0	7.6771E-11	0.000053287	-4.7684E-06	0.000053525
-0.072524	1.3272E-06	0.1	11000000	6.8188E-11	0	6.8188E-11	0.000051379	-5.3644E-06	0.000051618
-0.071575	1.3641E-06	0.1	11000000	7.0572E-11	0	7.0572E-11	0.000051737	-3.3379E-06	0.000051856
-0.070606	1.4505E-06	0.1	11000000	7.6771E-11	0	7.6771E-11	0.000052929	-3.9339E-06	0.000053048
-0.069675	1.4805E-06	0.1	11000000	7.6771E-11	0	7.6771E-11	0.000051856	-4.2916E-06	0.000051975
-0.068665	0.000001217	0.1	11000000	6.8188E-11	8.4639E-12	6.8784E-11	0.000056029	-4.0531E-06	0.000056148
-0.067663	1.2093E-06	0.1	11000000	6.8188E-11	0	6.8188E-11	0.000056386	-5.0068E-06	0.000056625
-0.066623	1.1867E-06	0.1	11000000	6.8188E-11	8.4639E-12	6.8784E-11	0.000057459	-4.1723E-06	0.000057578
-0.065536	1.1936E-06	0.1	11000000	7.0572E-11	0	7.0572E-11	0.000059128	-4.7684E-06	0.000059247
-0.064422	0.000001144	0.1	11000000	6.8188E-11	0	6.8188E-11	0.000059605	-5.0068E-06	0.000059843
-0.06328	1.1579E-06	0.1	11000000	6.8188E-11	0	6.8188E-11	0.00005889	-7.2718E-06	0.000059367
-0.062157	0.000001184	0.1	11000000	7.0572E-11	0	7.0572E-11	0.000059605	-4.0531E-06	0.000059724
-0.060982	1.2029E-06	0.1	11000000	6.9261E-11	0	6.9261E-11	0.000057578	-4.6492E-06	0.000057698
-0.059864	1.2033E-06	0.1	11000000	7.0572E-11	8.4639E-12	7.1049E-11	0.000058651	-3.5763E-06	0.00005877
-0.058773	1.2008E-06	0.1	11000000	7.0572E-11	0	7.0572E-11	0.00005877	-5.2452E-06	0.00005889
-0.057684	1.3558E-06	0.1	11000000	7.6771E-11	0	7.6771E-11	0.000056625	-5.4837E-06	0.000056863
-0.056613	1.2516E-06	0.1	11000000	6.8188E-11	0	6.8188E-11	0.000054479	-4.6492E-06	0.000054717
-0.055572	0.000001217	0.1	11000000	6.8188E-11	8.4639E-12	6.8784E-11	0.000056029	-4.7684E-06	0.000056148
-0.054536	1.4154E-06	0.1	11000000	7.6771E-11	0	7.6771E-11	0.00005424	-4.1723E-06	0.00005436
-0.053539	1.5023E-06	0.1	11000000	7.6652E-11	0	7.6652E-11	0.000051022	-5.2452E-06	0.00005126
-0.052568	1.2941E-06	0.1	11000000	6.8188E-11	8.4639E-12	6.8784E-11	0.000052691	-5.3644E-06	0.000053048
-0.05159	1.4216E-06	0.1	11000000	7.6771E-11	0	7.6771E-11	0.000054002	-1.9074E-06	0.000054002
-0.050582	1.3673E-06	0.1	11000000	7.6771E-11	0	7.6771E-11	0.000056148	-0.00000453	0.000056386
-0.049577	1.2017E-06	0.1	11000000	6.8188E-11	0	6.8188E-11	0.000056744	-4.2916E-06	0.000056863
-0.048536	1.1843E-06	0.1	11000000	6.8188E-11	8.4639E-12	6.8784E-11	0.000057578	-4.2916E-06	0.000057698
-0.047459	1.1085E-06	0.1	11000000	6.8188E-11	0	6.8188E-11	0.000061512	-4.2916E-06	0.000061632
-0.046368	1.1107E-06	0.1	11000000	6.8188E-11	0	6.8188E-11	0.000061393	-5.4837E-06	0.000061632
-0.045225	1.1064E-06	0.1	11000000	6.8188E-11	0	6.8188E-11	0.000061632	-7.0334E-06	0.000061989
-0.043999	1.0652E-06	0.1	11000000	6.8188E-11	0	6.8188E-11	0.000064016	-7.1526E-06	0.000064493
-0.042748	1.0233E-06	0.1	11000000	6.8188E-11	0	6.8188E-11	0.000066639	-4.7684E-06	0.000066758
-0.041569	1.0288E-06	0.1	11000000	6.8188E-11	0	6.8188E-11	0.000066281	-6.6758E-06	0.000066639
-0.040356	1.0632E-06	0.1	11000000	6.8188E-11	0	6.8188E-11	0.000064135	-5.4837E-06	0.000064373
-0.039127	1.0792E-06	0.1	11000000	6.8188E-11	0	6.8188E-11	0.000063181	-5.2452E-06	0.00006342
-0.037902	1.1128E-06	0.1	11000000	6.8188E-11	0	6.8188E-11	0.000061274	-5.2452E-06	0.000061512
-0.036722	1.3361E-06	0.1	11000000	7.6771E-11	0	7.6771E-11	0.000057459	-5.2452E-06	0.000057578
-0.035602	1.2489E-06	0.1	11000000	7.0572E-11	0	7.0572E-11	0.000056505	-1.3113E-06	0.000056505
-0.034529	1.3333E-06	0.1	11000000	7.0572E-11	0	7.0572E-11	0.000052929	-4.6492E-06	0.000053048
-0.0335	1.3089E-06	0.1	11000000	6.8188E-11	0	6.8188E-11	0.000052095	-5.8413E-06	0.000052452
-0.032525	1.2599E-06	0.1	11000000	6.8188E-11	8.4639E-12	6.8784E-11	0.000054121	-3.8147E-06	0.00005424
-0.031538	1.4123E-06	0.1	11000000	7.6771E-11	8.4639E-12	7.7248E-11	0.00005436	-4.1723E-06	0.000054479
-0.030499	1.1486E-06	0.1	11000000	6.8188E-11	0	6.8188E-11	0.000059367	-5.4837E-06	0.000059724
-0.029402	1.1532E-06	0.1	11000000	6.8188E-11	0	6.8188E-11	0.000059128	-0.000005126	0.000059247
-0.028254	1.0476E-06	0.1	11000000	6.8188E-11	0	6.8188E-11	0.000065089	-3.9339E-06	0.000065327
-0.02703	9.5812E-07	0.1	11000000	6.8188E-11	0	6.8188E-11	0.000071168	-7.6295E-06	0.000071645
-0.025758	9.5973E-07	0.1	11000000	6.8188E-11	0	6.8188E-11	0.000071049	-4.4108E-06	0.000071168
-0.024369	9.5652E-07	0.1	11000000	6.8188E-11	0	6.8188E-11	0.000071288	-7.2718E-06	0.000071645
-0.022975	9.4079E-07	0.1	11000000	6.8188E-11	8.4639E-12	6.8784E-11	0.00007248	-6.6758E-06	0.000072837
-0.021623	9.2557E-07	0.1	11000000	6.8188E-11	0	6.8188E-11	0.000073672	-0.000015497	0.000075341
-0.020197	9.6134E-07	0.1	11000000	6.8188E-11	0	6.8188E-11	0.00007093	-9.8944E-06	0.000071645
-0.018809	9.6134E-07	0.1	11000000	6.8188E-11	0	6.8188E-11	0.00007093	-5.4837E-06	0.000071168
-0.017466	1.0344E-06	0.1	11000000	6.8188E-11	8.4639E-12	6.8784E-11	0.000065923	-5.2452E-06	0.000066162
-0.016172	1.0916E-06	0.1	11000000	6.8188E-11	0	6.8188E-11	0.000062466	-7.0334E-06	0.000062824
-0.014961	1.1021E-06	0.1	11000000	6.8188E-11	0	6.8188E-11	0.00006187	-6.1989E-06	0.000062228
-0.013833	1.1194E-06	0.1	11000000	6.8188E-11	0	6.8188E-11	0.000060916	-6.9142E-06	0.000061274
-0.012812	1.1065E-06	0.1	11000000	7.0572E-11	0	7.0572E-11	0.000063777	-1.4305E-06	0.000063777
-0.011683	1.0652E-06	0.1	11000000	6.8188E-11	0	6.8188E-11	0.000064016	-4.2916E-06	0.000064254
-0.010361	8.7328E-07	0.1	11000000	6.8188E-11	0	6.8188E-11	0.000078083	-0.000009656	0.000078679
-0.0088727	6.1111E-07	0.1	11000000	6.1632E-11	8.4639E-12	6.2228E-11	0.00010085	-0.000013709	0.00010181
-0.0070435	4.5587E-07	0.1	11000000	5.9724E-11	0	5.9724E-11	0.00013101	-0.000022054	0.00013292
-0.0045852	3.0469E-07	0.1	11000000	5.1141E-11	0	5.1141E-11	0.00016785	-0.000037074	0.0001719
-0.0012145	3.4681E-07	0.1	11000000	5.1141E-11	0	5.1141E-11	0.00014746	-0.000032067	0.00015092
0.0023647	5.6355E-07	0.1	11000000	5.9724E-11	0	5.9724E-11	0.00010598	-0.000012636	0.00010669
0.0048618	7.3353E-07	0.1	11000000	5.9724E-11	0	5.9724E-11	0.00008142	-0.000011444	0.000082255
0.0066799	9.1962E-07	0.1	11000000	6.8188E-11	0	6.8188E-11	0.000074149	-8.2255E-06	0.000074626
0.0082348	0.00000088	0.1	11000000	6.8188E-11	0	6.8188E-11	0.000077487	-6.4373E-06	0.000077844
0.009713	8.4993E-07	0.1	11000000	6.8188E-11	0	6.8188E-11	0.000080228	-7.8679E-06	0.000080586
0.011236	8.1831E-07	0.1	11000000	6.8188E-11	0	6.8188E-11	0.000083328	-7.5102E-06	0.000083566
0.012836	8.2659E-07	0.1	11000000	6.8188E-11	8.4639E-12	6.8784E-11	0.000082493	-7.7487E-06	0.000082851
0.014478	7.8897E-07	0.1	11000000	6.8188E-11	0	6.8188E-11	0.000086427	-9.5368E-06	0.000087023
0.016146	8.045E-07	0.1	11000000	6.8188E-11	0	6.8188E-11	0.000084758	-0.000011802	0.000085593
0.017789	7.9035E-07	0.1	11000000	6.2466E-11	0	6.2466E-11	0.000079036	-0.00001204	0.000079871
0.019232	9.5652E-07	0.1	11000000	6.8188E-11	0	6.8188E-11	0.000071288	-0.000007391	0.000071764
0.02066	1.0288E-06	0.1	11000000	6.8188E-11	8.4639E-12	6.8784E-11	0.000066281	-7.7487E-06	0.000066758
0.021973	1.1602E-06	0.1	11000000	6.8188E-11	0	6.8188E-11	0.00005877	-5.2452E-06	0.000059009
0.02316	1.2328E-06	0.1	11000000	6.8188E-11	0	6.8188E-11	0.000055313	-6.0797E-06	0.000055552
0.024283	1.2222E-06	0.1	11000000	6.8188E-11	8.4639E-12	6.8784E-11	0.00005579	-4.7684E-07	0.00005579
0.025318	1.5746E-06	0.1	11000000	7.6771E-11	0	7.6771E-11	0.000048757	-5.9605E-07	0.000048757
0.026292	1.5261E-06	0.1	11000000	7.6771E-11	0	7.6771E-11	0.000050307	-4.0531E-06	0.000050426
0.027278	1.4185E-06	0.1	11000000	7.6771E-11	5.4837E-12	7.689E-11	0.000054121	-1.3113E-06	0.000054121
0.02824	1.2759E-06	0.1	11000000	7.0572E-11	0	7.0572E-11	0.000055313	-5.8413E-06	0.000055552
0.029239	1.2462E-06	0.1	11000000	6.8188E-11	0	6.8188E-11	0.000054717	-5.0068E-06	0.000054956
0.030295	1.1486E-06	0.1	11000000	6.8188E-11	0	6.8188E-11	0.000059367	-4.2916E-06	0.000059486
0.031394	1.0895E-06	0.1	11000000	6.8188E-11	0	6.8188E-11	0.000062585	-4.6492E-06	0.000062705
0.032552	1.0875E-06	0.1	11000000	6.8188E-11	0	6.8188E-11	0.000062705	-6.5565E-06	0.000063062
0.033732	1.0833E-06	0.1	11000000	6.8188E-11	0	6.8188E-11	0.000062943	-6.3181E-06	0.000063301
0.034954	1.0088E-06	0.1	11000000	6.8188E-11	8.4639E-12	6.8784E-11	0.000067592	-6.1989E-06	0.000067831
0.036192	1.0515E-06	0.1	11000000	6.8188E-11	0	6.8188E-11	0.00006485	-5.0068E-06	0.00006497
0.037433	0.00000104	0.1	11000000	6.8188E-11	0	6.8188E-11	0.000065566	-5.2452E-06	0.000065804
0.038675	1.0916E-06	0.1	11000000	6.8188E-11	0	6.8188E-11	0.000062466	-0.00000453	0.000062585
0.039893	1.2432E-06	0.1	11000000	7.6771E-11	8.4639E-12	7.7248E-11	0.000061751	-5.0068E-06	0.000061989
0.041053	1.1556E-06	0.1	11000000	6.8188E-11	8.1063E-12	6.8665E-11	0.000059009	-4.7684E-06	0.000059247
0.042187	1.1992E-06	0.1	11000000	6.8188E-11	0	6.8188E-11	0.000056863	-4.2916E-06	0.000056982
0.043256	1.2144E-06	0.1	11000000	6.8188E-11	7.7487E-12	6.8665E-11	0.000056148	-4.8876E-06	0.000056386
0.044303	1.2408E-06	0.1	11000000	6.8188E-11	0	6.8188E-11	0.000054956	-6.1989E-06	0.000055313
0.045333	1.4407E-06	0.1	11000000	7.6771E-11	0	7.6771E-11	0.000053287	-4.6492E-06	0.000053525
0.046321	1.3013E-06	0.1	11000000	6.95E-11	0	6.95E-11	0.000053406	-3.6955E-06	0.000053525
0.047322	0.00000125	0.1	11000000	7.0334E-11	0	7.0334E-11	0.000056267	-4.2916E-06	0.000056386
0.048268	1.1917E-06	0.1	11000000	6.8188E-11	0	6.8188E-11	0.000057221	-4.4108E-06	0.00005734
0.049325	0.000001217	0.1	11000000	6.8188E-11	0	6.8188E-11	0.000056029	-5.0068E-06	0.000056267
0.050416	1.1602E-06	0.1	11000000	6.8188E-11	0	6.8188E-11	0.00005877	-4.7684E-06	0.000059009
0.051514	1.1463E-06	0.1	11000000	6.8188E-11	0	6.8188E-11	0.000059486	-4.8876E-06	0.000059724
0.052618	1.1064E-06	0.1	11000000	6.8188E-11	8.4639E-12	6.8784E-11	0.000061632	-0.000005126	0.000061751
0.053752	1.0692E-06	0.1	11000000	6.8188E-11	0	6.8188E-11	0.000063777	-5.4837E-06	0.000064016
0.054914	1.1255E-06	0.1	11000000	7.0572E-11	0	7.0572E-11	0.000062705	-6.4373E-06	0.000063062
0.056081	1.1509E-06	0.1	11000000	6.8188E-11	0	6.8188E-11	0.000059247	-5.6029E-06	0.000059486
0.057267	1.1372E-06	0.1	11000000	6.8188E-11	8.4639E-12	6.8784E-11	0.000059963	-4.4108E-06	0.000060082
0.05836	1.1892E-06	0.1	11000000	6.8188E-11	0	6.8188E-11	0.00005734	-4.1723E-06	0.000057459
0.059467	1.2627E-06	0.1	11000000	6.8188E-11	0	6.8188E-11	0.000054002	-4.1723E-06	0.000054121
0.060497	1.2571E-06	0.1	11000000	6.8188E-11	0	6.8188E-11	0.00005424	-4.7684E-06	0.000054479
0.061521	1.3302E-06	0.1	11000000	6.8188E-11	0	6.8188E-11	0.00005126	-3.3379E-06	0.000051379
0.0625	1.3962E-06	0.1	11000000	7.0572E-11	8.4639E-12	7.1049E-11	0.000050545	-2.0266E-06	0.000050545
0.063477	1.5631E-06	0.1	11000000	7.6771E-11	0	7.6771E-11	0.000049114	-3.2187E-06	0.000049234
0.064432	1.3962E-06	0.1	11000000	7.0572E-11	0	7.0572E-11	0.000050545	-2.7418E-06	0.000050545
0.06539	0.000001467	0.1	11000000	7.6771E-11	0	7.6771E-11	0.000052333	-4.6492E-06	0.000052572
0.066319	0.0000014	0.1	11000000	7.6771E-11	0	7.6771E-11	0.000054837	-4.1723E-06	0.000054956
0.067272	1.2571E-06	0.1	11000000	6.8188E-11	0	6.8188E-11	0.00005424	-4.1723E-06	0.00005436
0.068258	1.2408E-06	0.1	11000000	6.8188E-11	0	6.8188E-11	0.000054956	-3.8147E-06	0.000055194
0.069301	1.2516E-06	0.1	11000000	7.0572E-11	0	7.0572E-11	0.000056386	-4.4108E-06	0.000056505
0.070341	1.2411E-06	0.1	11000000	7.0572E-11	0	7.0572E-11	0.000056863	-5.2452E-06	0.000057102
0.071403	1.1843E-06	0.1	11000000	6.8188E-11	0	6.8188E-11	0.000057578	-0.00000453	0.000057817
0.072516	1.1394E-06	0.1	11000000	6.8188E-11	6.1989E-12	6.8427E-11	0.000059843	-5.4837E-06	0.000060082
0.073642	1.1085E-06	0.1	11000000	6.8188E-11	0	6.8188E-11	0.000061512	-4.2916E-06	0.000061632
0.074721	1.1394E-06	0.1	11000000	6.8188E-11	0	6.8188E-11	0.000059843	-6.4373E-06	0.000060082
0.075885	1.1818E-06	0.1	11000000	6.8188E-11	0	6.8188E-11	0.000057698	-4.2916E-06	0.000057817
0.077027	1.1942E-06	0.1	11000000	6.8188E-11	3.4571E-12	6.8307E-11	0.000057102	-0.00000453	0.000057221
0.078119	1.2408E-06	0.1	11000000	6.8188E-11	0	6.8188E-11	0.000054956	-5.2452E-06	0.000055194
0.079169	1.2435E-06	0.1	11000000	6.8188E-11	0	6.8188E-11	0.000054837	-2.7418E-06	0.000054837
0.080182	1.2825E-06	0.1	11000000	6.8188E-11	0	6.8188E-11	0.000053168	-3.4571E-06	0.000053287
0.081187	1.2898E-06	0.1	11000000	7.0572E-11	0	7.0572E-11	0.000054717	-5.3644E-06	0.000054956
0.08221	1.3394E-06	0.1	11000000	7.0572E-11	0	7.0572E-11	0.000052691	-5.2452E-06	0.000052929
0.083197	1.2883E-06	0.1	11000000	6.8188E-11	0	6.8188E-11	0.000052929	-3.6955E-06	0.000053048
0.084202	1.5012E-06	0.1	11000000	7.6771E-11	2.5034E-12	7.6771E-11	0.000051141	-5.2452E-06	0.000051379
0.085166	1.3415E-06	0.1	11000000	7.2122E-11	0	7.2122E-11	0.000053764	-0.00000453	0.000053883
0.086146	1.2354E-06	0.1	11000000	6.8188E-11	0	6.8188E-11	0.000055194	-5.0068E-06	0.000055433
0.08714	1.2068E-06	0.1	11000000	6.8188E-11	0	6.8188E-11	0.000056505	-4.2916E-06	0.000056625
0.088176	1.2042E-06	0.1	11000000	6.8188E-11	0	6.8188E-11	0.000056625	-4.1723E-06	0.000056863
0.089227	1.1697E-06	0.1	11000000	6.8188E-11	0	6.8188E-11	0.000058294	-5.2452E-06	0.000058413
0.090267	1.2354E-06	0.1	11000000	6.8188E-11	0	6.8188E-11	0.000055194	-4.4108E-06	0.000055313
0.091313	1.2257E-06	0.1	11000000	7.0572E-11	0	7.0572E-11	0.000057578	-4.8876E-06	0.000057817
0.092316	0.0000013	0.1	11000000	6.8188E-11	0	6.8188E-11	0.000052452	-4.4108E-06	0.000052572
0.093379	1.2435E-06	0.1	11000000	6.8188E-11	0	6.8188E-11	0.000054837	-5.2452E-06	0.000055194
0.09447	1.2068E-06	0.1	11000000	6.8188E-11	8.4639E-12	6.8784E-11	0.000056505	-0.000005126	0.000056744
0.095556	1.2301E-06	0.1	11000000	6.8188E-11	0	6.8188E-11	0.000055433	-0.000005126	0.000055671
0.096641	1.2786E-06	0.1	11000000	7.0572E-11	8.4639E-12	7.1168E-11	0.000055194	-4.1723E-06	0.000055313
0.097688	1.2596E-06	0.1	11000000	7.0572E-11	0	7.0572E-11	0.000056029	-3.3379E-06	0.000056029
0.098726	1.2408E-06	0.1	11000000	6.8188E-11	0	6.8188E-11	0.000054956	-0.00000453	0.000055194
0.099757	0.000001341	0.1	11000000	6.9857E-11	0	6.9857E-11	0.000052095	-4.7684E-06	0.000052333
0.10076	1.4942E-06	0.1	11000000	7.6771E-11	0	7.6771E-11	0.000051379	-3.3379E-06	0.000051499
0.1017	1.3274E-06	0.1	11000000	7.0572E-11	5.9605E-12	7.0811E-11	0.000053168	-0.000005126	0.000053525
0.10271	1.3524E-06	0.1	11000000	7.0453E-11	8.4639E-12	7.093E-11	0.000052095	-5.0068E-06	0.000052333
0.10366	1.5518E-06	0.1	11000000	7.6771E-11	0	7.6771E-11	0.000049472	-5.4837E-06	0.00004971
0.10466	0.000001375	0.1	11000000	6.8188E-11	0	6.8188E-11	0.000049591	-3.9339E-06	0.00004971
0.10562	1.4062E-06	0.1	11000000	7.0572E-11	0	7.0572E-11	0.000050187	-4.2916E-06	0.000050307
0.10658	1.4229E-06	0.1	11000000	6.8188E-11	0	6.8188E-11	0.000047922	-6.9142E-06	0.00004828
0.10755	1.3455E-06	0.1	11000000	7.0572E-11	0	7.0572E-11	0.000052452	-6.5565E-06	0.00005281
0.10855	1.4248E-06	0.1	11000000	7.6771E-11	8.4639E-12	7.7248E-11	0.000053883	-3.5763E-06	0.000054121
0.10953	0.000001287	0.1	11000000	7.0572E-11	0	7.0572E-11	0.000054837	-5.4837E-06	0.000055194
0.11056	1.1417E-06	0.1	11000000	6.8188E-11	0	6.8188E-11	0.000059724	-8.3447E-06	0.00006032
0.11157	1.3278E-06	0.1	11000000	7.6771E-11	8.4639E-12	7.7248E-11	0.000057817	-4.4108E-06	0.000058055
0.11256	1.3302E-06	0.1	11000000	6.8188E-11	0	6.8188E-11	0.00005126	-4.6492E-06	0.000051379
0.11362	1.2144E-06	0.1	11000000	6.8188E-11	0	6.8188E-11	0.000056148	-4.2916E-06	0.000056386
0.11465	1.2093E-06	0.1	11000000	6.8188E-11	8.4639E-12	6.8784E-11	0.000056386	-1.4305E-06	0.000056386
0.11569	1.2308E-06	0.1	11000000	7.0572E-11	0	7.0572E-11	0.00005734	-5.0068E-06	0.000057578
0.11675	0.000001265	0.1	11000000	7.0572E-11	0	7.0572E-11	0.00005579	-3.9339E-06	0.000055909
0.11778	1.2625E-06	0.1	11000000	6.938E-11	8.4639E-12	6.9976E-11	0.000054956	-5.0068E-06	0.000055194
