-0.10581	-2.3021E-06	0.4	11000000	2.8157E-10	-5.126E-11	2.861E-10	-0.00012231	-0.0001598	0.00020117
-0.10582	1.4737E-06	0.4	11000000	2.7537E-10	-8.5831E-12	2.7549E-10	0.00018686	-0.000022173	0.00018817
-0.10582	1.3681E-06	0.4	11000000	2.7537E-10	-8.5831E-12	2.7549E-10	0.00020129	-0.000014901	0.00020182
-0.10583	1.3604E-06	0.4	11000000	2.7537E-10	-8.5831E-12	2.7549E-10	0.00020242	-0.00001508	0.00020295
-0.10582	1.3636E-06	0.4	11000000	2.7537E-10	-8.5831E-12	2.7549E-10	0.00020194	-0.000013709	0.00020242
-0.10581	1.3538E-06	0.4	11000000	2.7394E-10	-8.5831E-12	2.7406E-10	0.00020236	-0.00001502	0.0002029
-0.10581	1.3542E-06	0.4	11000000	2.7299E-10	-8.5831E-12	2.7311E-10	0.00020158	-0.000014305	0.00020212
-0.10581	1.3584E-06	0.4	11000000	2.7537E-10	-8.5831E-12	2.7549E-10	0.00020272	-0.000013947	0.00020313
-0.10581	1.3584E-06	0.4	11000000	2.7537E-10	-8.5831E-12	2.7549E-10	0.00020272	-0.00001502	0.00020325
-0.10582	0.000001349	0.4	11000000	2.7299E-10	-8.5831E-12	2.7311E-10	0.00020236	-0.000015318	0.0002029
-0.10581	0.000001355	0.4	11000000	2.7299E-10	-8.5831E-12	2.7311E-10	0.00020147	-0.000014722	0.000202
-0.10563	1.3505E-06	0.4	11000000	2.7537E-10	-8.5831E-12	2.7549E-10	0.00020391	-0.000014484	0.00020445
-0.10479	1.3473E-06	0.4	11000000	2.7537E-10	-8.8215E-12	2.7549E-10	0.00020438	-0.000014663	0.00020486
-0.10384	1.3194E-06	0.4	11000000	2.6691E-10	0	2.6691E-10	0.0002023	-0.000013173	0.00020272
-0.10284	1.3256E-06	0.4	11000000	2.7299E-10	-8.5831E-12	2.7311E-10	0.00020593	-0.000014961	0.00020647
-0.10186	1.3442E-06	0.4	11000000	2.7537E-10	-8.5831E-12	2.7549E-10	0.00020486	-0.00001502	0.0002054
-0.10085	1.3302E-06	0.4	11000000	2.7299E-10	-8.5831E-12	2.7311E-10	0.00020522	-0.00001508	0.00020576
-0.09983	1.3391E-06	0.4	11000000	2.7537E-10	-8.5831E-12	2.7549E-10	0.00020564	-0.000014484	0.00020611
-0.098812	1.3326E-06	0.4	11000000	2.7299E-10	-8.5831E-12	2.7311E-10	0.00020486	-0.000014901	0.0002054
-0.097798	1.3357E-06	0.4	11000000	2.7299E-10	-8.5831E-12	2.7311E-10	0.00020438	-0.00001508	0.00020492
-0.096786	1.3368E-06	0.4	11000000	2.7299E-10	-8.5831E-12	2.7311E-10	0.00020421	-0.00001508	0.00020474
-0.095774	1.3533E-06	0.4	11000000	2.7537E-10	-8.5831E-12	2.7549E-10	0.00020349	-0.000015855	0.00020409
-0.09478	1.3465E-06	0.4	11000000	2.7335E-10	-8.5831E-12	2.7347E-10	0.00020301	-0.000015676	0.00020361
-0.093784	1.3364E-06	0.4	11000000	2.7299E-10	-8.5831E-12	2.7311E-10	0.00020427	-0.000014842	0.0002048
-0.092779	1.3318E-06	0.4	11000000	2.7537E-10	-8.5831E-12	2.7549E-10	0.00020677	-0.000014782	0.00020731
-0.091774	1.3395E-06	0.4	11000000	2.7537E-10	-8.5831E-12	2.7549E-10	0.00020558	-0.000015199	0.00020611
-0.090758	1.3357E-06	0.4	11000000	2.7537E-10	-8.7023E-12	2.7549E-10	0.00020617	-0.000014722	0.00020671
-0.089737	1.3226E-06	0.4	11000000	2.7299E-10	-8.5831E-12	2.7311E-10	0.00020641	-0.00001508	0.00020695
-0.088716	1.3291E-06	0.4	11000000	2.7537E-10	-8.5831E-12	2.7549E-10	0.00020719	-0.00001508	0.00020772
-0.087696	1.3155E-06	0.4	11000000	2.7537E-10	-8.5831E-12	2.7549E-10	0.00020933	-0.000015199	0.00020987
-0.086667	1.3062E-06	0.4	11000000	2.7537E-10	-8.5831E-12	2.7549E-10	0.00021082	-0.000015378	0.00021142
-0.085624	1.2891E-06	0.4	11000000	2.7299E-10	-8.5831E-12	2.7311E-10	0.00021178	-0.00001657	0.00021243
-0.084578	1.2883E-06	0.4	11000000	2.7299E-10	-8.5831E-12	2.7311E-10	0.0002119	-0.000016391	0.00021255
-0.083525	1.2826E-06	0.4	11000000	2.7537E-10	-8.5831E-12	2.7549E-10	0.0002147	-0.000015497	0.00021529
-0.082487	1.2733E-06	0.4	11000000	2.7299E-10	-8.5831E-12	2.7311E-10	0.0002144	-0.000017345	0.00021511
-0.081436	1.2768E-06	0.4	11000000	2.7299E-10	-8.5831E-12	2.7311E-10	0.0002138	-0.000016213	0.0002144
-0.080371	1.2793E-06	0.4	11000000	2.7299E-10	-8.5831E-12	2.7311E-10	0.00021339	-0.000015438	0.00021398
-0.079306	1.3088E-06	0.4	11000000	2.7537E-10	-8.5831E-12	2.7549E-10	0.0002104	-0.00001502	0.00021094
-0.078266	1.3095E-06	0.4	11000000	2.7537E-10	-8.5831E-12	2.7549E-10	0.00021029	-0.000016213	0.00021088
-0.07722	1.2978E-06	0.4	11000000	2.7299E-10	-8.5831E-12	2.7311E-10	0.00021035	-0.000016034	0.00021094
-0.076169	1.2953E-06	0.4	11000000	2.7299E-10	-8.5831E-12	2.7311E-10	0.00021076	-0.000014842	0.0002113
-0.07513	1.2927E-06	0.4	11000000	2.7323E-10	-8.5831E-12	2.7335E-10	0.00021136	-0.000016451	0.00021201
-0.074083	1.2931E-06	0.4	11000000	2.7299E-10	-8.5831E-12	2.7311E-10	0.00021112	-0.000015616	0.00021172
-0.073042	1.2844E-06	0.4	11000000	2.7299E-10	-8.5831E-12	2.7311E-10	0.00021255	-0.000015855	0.00021315
-0.072005	1.2851E-06	0.4	11000000	2.7537E-10	-8.5831E-12	2.7549E-10	0.00021428	-0.000016213	0.00021488
-0.070952	1.2808E-06	0.4	11000000	2.749E-10	-8.5831E-12	2.7502E-10	0.00021464	-0.000016749	0.00021529
-0.069892	1.2837E-06	0.4	11000000	2.7537E-10	-8.5831E-12	2.7549E-10	0.00021452	-0.000017524	0.00021517
-0.06883	1.2652E-06	0.4	11000000	2.7299E-10	-8.5831E-12	2.7311E-10	0.00021577	-0.000017285	0.00021649
-0.067767	1.2555E-06	0.4	11000000	2.7299E-10	-8.5831E-12	2.7311E-10	0.00021744	-0.000016034	0.00021803
-0.066696	0.000001249	0.4	11000000	2.7299E-10	-8.5831E-12	2.7311E-10	0.00021857	-0.000017643	0.00021929
-0.065611	1.2463E-06	0.4	11000000	2.7299E-10	-8.5831E-12	2.7311E-10	0.00021905	-0.000018239	0.00021982
-0.064528	1.2405E-06	0.4	11000000	2.7299E-10	-8.5831E-12	2.7311E-10	0.00022006	-0.000016272	0.00022066
-0.063453	1.2362E-06	0.4	11000000	2.7299E-10	-8.5831E-12	2.7311E-10	0.00022084	-0.000017464	0.00022155
-0.062362	1.2385E-06	0.4	11000000	2.7299E-10	-8.5831E-12	2.7311E-10	0.00022042	-0.000017405	0.00022107
-0.061272	1.2392E-06	0.4	11000000	2.7299E-10	-8.5831E-12	2.7311E-10	0.0002203	-0.000017464	0.00022101
-0.060186	1.2483E-06	0.4	11000000	2.7299E-10	-8.5831E-12	2.7311E-10	0.00021869	-0.00001663	0.00021935
-0.0591	1.2558E-06	0.4	11000000	2.7299E-10	-8.5831E-12	2.7311E-10	0.00021738	-0.000017643	0.00021809
-0.058026	1.2579E-06	0.4	11000000	2.7299E-10	-8.5831E-12	2.7311E-10	0.00021702	-0.000015974	0.00021762
-0.056957	1.2589E-06	0.4	11000000	2.7299E-10	-8.5831E-12	2.7311E-10	0.00021684	-0.000016809	0.0002175
-0.055876	1.2521E-06	0.4	11000000	2.7299E-10	-8.5831E-12	2.7311E-10	0.00021803	-0.000017166	0.00021869
-0.05481	1.2493E-06	0.4	11000000	2.7299E-10	-8.5831E-12	2.7311E-10	0.00021851	-0.000017524	0.00021923
-0.053734	1.2395E-06	0.4	11000000	2.7299E-10	-8.5831E-12	2.7311E-10	0.00022024	-0.000017405	0.0002209
-0.052641	1.2091E-06	0.4	11000000	2.6679E-10	-8.8215E-12	2.6691E-10	0.00022066	-0.00001818	0.00022137
-0.051548	1.2226E-06	0.4	11000000	2.7299E-10	-8.5831E-12	2.7311E-10	0.00022328	-0.000017822	0.00022399
-0.050439	1.2139E-06	0.4	11000000	2.7299E-10	-8.5831E-12	2.7311E-10	0.00022489	-0.00001818	0.00022561
-0.04932	1.1996E-06	0.4	11000000	2.7299E-10	-8.5831E-12	2.7311E-10	0.00022757	-0.000017643	0.00022823
-0.048189	1.1699E-06	0.4	11000000	2.6679E-10	-8.5831E-12	2.6691E-10	0.00022805	-0.000018239	0.00022876
-0.047053	1.1632E-06	0.4	11000000	2.6727E-10	-8.5831E-12	2.6751E-10	0.00022978	-0.000017822	0.00023049
-0.045908	1.1584E-06	0.4	11000000	2.6679E-10	-8.5831E-12	2.6691E-10	0.00023031	-0.00001806	0.00023097
-0.04476	1.1557E-06	0.4	11000000	2.6679E-10	-8.5831E-12	2.6691E-10	0.00023085	-0.000018299	0.00023157
-0.04361	1.1584E-06	0.4	11000000	2.6679E-10	-8.5831E-12	2.6691E-10	0.00023031	-0.000018597	0.00023103
-0.042466	1.1853E-06	0.4	11000000	2.7299E-10	-8.5831E-12	2.7311E-10	0.00023031	-0.000019312	0.00023115
-0.041314	0.000001194	0.4	11000000	2.7263E-10	-8.5831E-12	2.7275E-10	0.00022835	-0.000018776	0.00022912
-0.040176	1.1671E-06	0.4	11000000	2.6679E-10	-8.5831E-12	2.6691E-10	0.00022859	-0.000017405	0.00022924
-0.039042	1.1689E-06	0.4	11000000	2.6691E-10	-8.5831E-12	2.6703E-10	0.00022835	-0.00001812	0.00022906
-0.037901	1.1653E-06	0.4	11000000	2.6679E-10	-8.5831E-12	2.6691E-10	0.00022894	-0.000017583	0.0002296
-0.03676	1.1617E-06	0.4	11000000	2.6679E-10	-8.5831E-12	2.6691E-10	0.00022966	-0.000018478	0.00023037
-0.035629	1.1509E-06	0.4	11000000	2.6679E-10	-8.5831E-12	2.6691E-10	0.0002318	-0.00001961	0.00023264
-0.034485	0.000001141	0.4	11000000	2.6679E-10	-8.5831E-12	2.6691E-10	0.00023383	-0.000019372	0.00023466
-0.033336	1.1272E-06	0.4	11000000	2.6679E-10	-8.5831E-12	2.6691E-10	0.00023669	-0.000020445	0.00023759
-0.032163	1.1168E-06	0.4	11000000	2.6679E-10	-8.5831E-12	2.6691E-10	0.0002389	-0.000020445	0.00023973
-0.030965	1.0861E-06	0.4	11000000	2.6691E-10	-1.7166E-11	2.6739E-10	0.00024575	-0.000022352	0.00024677
-0.02974	1.0747E-06	0.4	11000000	2.6679E-10	-8.5831E-12	2.6691E-10	0.00024826	-0.000021219	0.00024915
-0.02852	1.0614E-06	0.4	11000000	2.6679E-10	-8.5831E-12	2.6691E-10	0.00025135	-0.000021875	0.00025231
-0.027263	1.0607E-06	0.4	11000000	2.6679E-10	-8.5831E-12	2.6691E-10	0.00025153	-0.000022829	0.00025261
-0.026009	1.0554E-06	0.4	11000000	2.6441E-10	-8.5831E-12	2.6465E-10	0.00025052	-0.000022352	0.00025153
-0.02475	1.0532E-06	0.4	11000000	2.6441E-10	-8.5831E-12	2.6465E-10	0.00025106	-0.000022113	0.00025201
-0.023486	1.0552E-06	0.4	11000000	2.6441E-10	-8.5831E-12	2.6465E-10	0.00025058	-0.000021696	0.00025153
-0.022221	1.0634E-06	0.4	11000000	2.6679E-10	-8.5831E-12	2.6691E-10	0.00025088	-0.00002265	0.00025183
-0.020976	1.0522E-06	0.4	11000000	2.6441E-10	-8.5831E-12	2.6465E-10	0.0002513	-0.000021875	0.00025225
-0.019733	1.0491E-06	0.4	11000000	2.6631E-10	-8.5831E-12	2.6643E-10	0.00025386	-0.000020981	0.00025469
-0.018465	1.0259E-06	0.4	11000000	2.6441E-10	-9.8944E-12	2.6465E-10	0.00025773	-0.000023305	0.00025881
-0.017156	9.7898E-07	0.4	11000000	2.5821E-10	-8.5831E-12	2.5845E-10	0.00026375	-0.000023305	0.00026477
-0.015843	9.4399E-07	0.4	11000000	2.5821E-10	-8.5831E-12	2.5845E-10	0.00027353	-0.000025332	0.00027472
-0.014473	9.0141E-07	0.4	11000000	2.5833E-10	-8.5831E-12	2.5845E-10	0.00028658	-0.000028968	0.00028801
-0.013034	8.4246E-07	0.4	11000000	2.5594E-10	-1.7166E-11	2.5654E-10	0.00030381	-0.000033021	0.00030559
-0.011513	7.7607E-07	0.4	11000000	2.4974E-10	-1.3709E-11	2.501E-10	0.00032181	-0.000035286	0.00032372
-0.0098929	7.1949E-07	0.4	11000000	2.4736E-10	-8.5831E-12	2.4748E-10	0.0003438	-0.00003928	0.00034601
-0.0081638	6.6187E-07	0.4	11000000	2.4128E-10	-9.2984E-12	2.414E-10	0.00036454	-0.000045657	0.00036741
-0.0062771	6.188E-07	0.4	11000000	2.389E-10	-1.7166E-11	2.3949E-10	0.00038606	-0.00005281	0.00038964
-0.004303	5.7496E-07	0.4	11000000	2.327E-10	-8.5831E-12	2.3282E-10	0.00040472	-0.000054956	0.00040841
-0.002182	5.5806E-07	0.4	11000000	2.3031E-10	-9.7752E-12	2.3055E-10	0.0004127	-0.00005734	0.0004167
0.000015271	5.6715E-07	0.4	11000000	2.3031E-10	-8.5831E-12	2.3043E-10	0.00040609	-0.000056803	0.00041008
0.0022116	5.9322E-07	0.4	11000000	2.327E-10	-8.5831E-12	2.3282E-10	0.00039226	-0.000050724	0.00039554
0.0043433	6.4066E-07	0.4	11000000	2.389E-10	-8.5831E-12	2.3902E-10	0.00037289	-0.000047386	0.00037587
0.0063532	6.9257E-07	0.4	11000000	2.4116E-10	-1.7166E-11	2.4176E-10	0.00034821	-0.00004071	0.00035054
0.0082264	7.4991E-07	0.4	11000000	2.4736E-10	-1.7166E-11	2.4796E-10	0.00032985	-0.000039041	0.00033218
0.009961	8.0069E-07	0.4	11000000	2.4974E-10	-8.5831E-12	2.4998E-10	0.00031191	-0.000031829	0.00031352
0.011639	8.6994E-07	0.4	11000000	2.5594E-10	-8.5831E-12	2.5606E-10	0.00029421	-0.00002861	0.00029564
0.013204	9.2703E-07	0.4	11000000	2.5821E-10	-8.5831E-12	2.5845E-10	0.00027853	-0.000025869	0.00027973
0.014661	9.6481E-07	0.4	11000000	2.5821E-10	-8.5831E-12	2.5845E-10	0.00026763	-0.000025153	0.00026882
0.01604	1.0216E-06	0.4	11000000	2.6441E-10	-1.7166E-11	2.65E-10	0.00025881	-0.000023604	0.00025988
0.017375	1.0483E-06	0.4	11000000	2.65E-10	-1.6451E-11	2.6548E-10	0.00025278	-0.000022829	0.0002538
0.018668	0.000001071	0.4	11000000	2.6441E-10	-8.5831E-12	2.6465E-10	0.00024688	-0.000021219	0.00024778
0.019918	1.0979E-06	0.4	11000000	2.6679E-10	-8.5831E-12	2.6691E-10	0.00024301	-0.000021279	0.0002439
0.021139	1.1038E-06	0.4	11000000	2.6679E-10	-1.7166E-11	2.6727E-10	0.0002417	-0.000020445	0.00024259
0.02235	1.1109E-06	0.4	11000000	2.6679E-10	-1.7166E-11	2.6727E-10	0.00024015	-0.000020862	0.00024104
0.023557	1.1106E-06	0.4	11000000	2.6691E-10	-8.5831E-12	2.6703E-10	0.00024033	-0.000019252	0.0002411
0.024753	1.1096E-06	0.4	11000000	2.6679E-10	-8.5831E-12	2.6691E-10	0.00024045	-0.000020266	0.00024128
0.025954	1.1096E-06	0.4	11000000	2.6679E-10	-8.5831E-12	2.6691E-10	0.00024045	-0.000021398	0.0002414
0.027157	1.0967E-06	0.4	11000000	2.6441E-10	-8.5831E-12	2.6465E-10	0.0002411	-0.000019014	0.00024188
0.028357	1.1079E-06	0.4	11000000	2.6679E-10	-8.5831E-12	2.6691E-10	0.0002408	-0.000020266	0.00024164
0.029557	0.000001109	0.4	11000000	2.6679E-10	-8.5831E-12	2.6691E-10	0.00024057	-0.000020266	0.0002414
0.030762	0.000001128	0.4	11000000	2.6679E-10	-8.5831E-12	2.6691E-10	0.00023651	-0.000020206	0.00023735
0.031974	1.1309E-06	0.4	11000000	2.6679E-10	-8.5831E-12	2.6691E-10	0.00023592	-0.000020147	0.00023681
0.033152	0.000001143	0.4	11000000	2.6679E-10	-8.5831E-12	2.6691E-10	0.00023341	-0.00001955	0.00023419
0.034324	1.1541E-06	0.4	11000000	2.6691E-10	-8.5831E-12	2.6703E-10	0.00023127	-0.000018954	0.00023204
0.035483	1.1641E-06	0.4	11000000	2.6679E-10	-8.5831E-12	2.6691E-10	0.00022918	-0.000016213	0.00022972
0.036609	1.2069E-06	0.4	11000000	2.7299E-10	-8.5831E-12	2.7311E-10	0.0002262	-0.000018776	0.00022698
0.037728	1.2164E-06	0.4	11000000	2.7537E-10	-8.5831E-12	2.7549E-10	0.00022638	-0.000017941	0.00022703
0.038842	1.2142E-06	0.4	11000000	2.7299E-10	-8.5831E-12	2.7311E-10	0.00022483	-0.000017583	0.00022555
0.039971	1.2139E-06	0.4	11000000	2.7299E-10	-8.5831E-12	2.7311E-10	0.00022489	-0.000017822	0.00022561
0.041093	1.2197E-06	0.4	11000000	2.7299E-10	-8.5831E-12	2.7311E-10	0.00022382	-0.000019729	0.00022465
0.042222	1.1744E-06	0.4	11000000	2.6691E-10	-8.5831E-12	2.6703E-10	0.00022727	-0.000017583	0.00022793
0.04333	1.1977E-06	0.4	11000000	2.7299E-10	-8.5831E-12	2.7311E-10	0.00022793	-0.000018954	0.00022876
0.044454	1.1993E-06	0.4	11000000	2.7299E-10	-8.5831E-12	2.7311E-10	0.00022763	-0.000019312	0.00022847
0.045578	1.1708E-06	0.4	11000000	2.6679E-10	-8.5831E-12	2.6691E-10	0.00022787	-0.000018001	0.00022859
0.046707	1.1946E-06	0.4	11000000	2.7299E-10	-8.5831E-12	2.7311E-10	0.00022853	-0.000018239	0.00022924
0.047849	1.1748E-06	0.4	11000000	2.6679E-10	-8.5831E-12	2.6691E-10	0.00022709	-0.000018418	0.00022787
0.048977	1.2053E-06	0.4	11000000	2.7299E-10	-8.5831E-12	2.7311E-10	0.0002265	-0.000016749	0.00022709
0.050094	1.2158E-06	0.4	11000000	2.7299E-10	-8.5831E-12	2.7311E-10	0.00022453	-0.000017524	0.00022525
0.051219	1.2249E-06	0.4	11000000	2.7299E-10	-8.5831E-12	2.7311E-10	0.00022286	-0.00001818	0.00022358
0.052328	1.2166E-06	0.4	11000000	2.6679E-10	-8.5831E-12	2.6691E-10	0.00021929	-0.000017405	0.00021994
0.053416	0.00000122	0.4	11000000	2.6679E-10	-1.2517E-11	2.6703E-10	0.00021869	-0.000016511	0.00021935
0.054501	1.2558E-06	0.4	11000000	2.7299E-10	-8.5831E-12	2.7311E-10	0.00021738	-0.000016451	0.00021803
0.055591	1.2634E-06	0.4	11000000	2.7299E-10	-8.5831E-12	2.7311E-10	0.00021607	-0.000016749	0.00021672
0.056675	0.000001278	0.4	11000000	2.7537E-10	-8.5831E-12	2.7549E-10	0.00021547	-0.000016213	0.00021607
0.05775	1.2652E-06	0.4	11000000	2.7299E-10	-8.5831E-12	2.7311E-10	0.00021577	-0.000015676	0.00021631
0.058813	1.2684E-06	0.4	11000000	2.7299E-10	-8.5831E-12	2.7311E-10	0.00021523	-0.000016511	0.00021589
0.059877	1.2691E-06	0.4	11000000	2.7299E-10	-8.5831E-12	2.7311E-10	0.00021511	-0.000016391	0.00021577
0.060949	1.2638E-06	0.4	11000000	2.7299E-10	-8.5831E-12	2.7311E-10	0.00021601	-0.000015974	0.0002166
0.06202	1.2607E-06	0.4	11000000	2.7299E-10	-8.5831E-12	2.7311E-10	0.00021655	-0.000015974	0.00021714
0.063087	1.2619E-06	0.4	11000000	2.7537E-10	-8.5831E-12	2.7549E-10	0.00021821	-0.000017643	0.00021887
0.064169	1.2538E-06	0.4	11000000	2.7299E-10	-8.5831E-12	2.7311E-10	0.00021774	-0.000017405	0.00021845
0.065248	1.2273E-06	0.4	11000000	2.6679E-10	-8.5831E-12	2.6691E-10	0.00021738	-0.000016749	0.00021797
0.066332	1.2473E-06	0.4	11000000	2.7299E-10	-8.5831E-12	2.7311E-10	0.00021887	-0.000015676	0.00021941
0.067425	1.2497E-06	0.4	11000000	2.7299E-10	-8.5831E-12	2.7311E-10	0.00021845	-0.000017882	0.00021917
0.068514	1.2555E-06	0.4	11000000	2.7299E-10	-1.7166E-11	2.7347E-10	0.00021744	-0.000016749	0.00021803
0.069594	1.2631E-06	0.4	11000000	2.7299E-10	-8.5831E-12	2.7311E-10	0.00021613	-0.00001657	0.00021678
0.070669	1.2773E-06	0.4	11000000	2.7537E-10	-8.5831E-12	2.7549E-10	0.00021559	-0.00001657	0.00021625
0.071738	0.000001274	0.4	11000000	2.7299E-10	-8.5831E-12	2.7311E-10	0.00021428	-0.000016153	0.00021488
0.072799	1.2811E-06	0.4	11000000	2.7299E-10	-8.5831E-12	2.7311E-10	0.00021309	-0.000015855	0.00021368
0.073853	1.2883E-06	0.4	11000000	2.7299E-10	-8.5831E-12	2.7311E-10	0.0002119	-0.000016391	0.00021255
0.074901	1.2938E-06	0.4	11000000	2.7299E-10	-8.5831E-12	2.7311E-10	0.000211	-0.000016034	0.0002116
0.075927	1.2862E-06	0.4	11000000	2.7299E-10	-8.5831E-12	2.7311E-10	0.00021225	-0.000015438	0.00021285
0.076983	1.2967E-06	0.4	11000000	2.7537E-10	-8.5831E-12	2.7549E-10	0.00021237	-0.00001657	0.00021297
0.078019	1.2826E-06	0.4	11000000	2.7299E-10	-8.5831E-12	2.7311E-10	0.00021285	-0.00001663	0.00021344
0.079067	1.2891E-06	0.4	11000000	2.7299E-10	-8.5831E-12	2.7311E-10	0.00021178	-0.000016153	0.00021237
0.080115	1.2899E-06	0.4	11000000	2.7502E-10	-8.5831E-12	2.7514E-10	0.00021321	-0.000015915	0.0002138
0.081164	1.2754E-06	0.4	11000000	2.7299E-10	-8.5831E-12	2.7311E-10	0.00021404	-0.000017583	0.00021482
0.082226	1.2736E-06	0.4	11000000	2.7299E-10	-8.5831E-12	2.7311E-10	0.00021434	-0.000015855	0.00021494
0.083278	1.2558E-06	0.4	11000000	2.6918E-10	-8.5831E-12	2.693E-10	0.00021434	-0.000016213	0.00021494
0.084336	0.000001274	0.4	11000000	2.7299E-10	-8.5831E-12	2.7311E-10	0.00021428	-0.000016272	0.00021488
0.085401	1.2772E-06	0.4	11000000	2.7299E-10	-8.5831E-12	2.7311E-10	0.00021374	-0.000016749	0.0002144
0.08647	1.2736E-06	0.4	11000000	2.7299E-10	-9.4176E-12	2.7311E-10	0.00021434	-0.000016511	0.00021494
0.087511	1.2808E-06	0.4	11000000	2.7299E-10	-1.7166E-11	2.7347E-10	0.00021315	-0.000016987	0.0002138
0.088568	1.2876E-06	0.4	11000000	2.7299E-10	-1.7166E-11	2.7347E-10	0.00021201	-0.000016987	0.00021267
0.089624	1.2909E-06	0.4	11000000	2.7299E-10	-8.5831E-12	2.7311E-10	0.00021148	-0.000016213	0.00021213
0.090669	1.3025E-06	0.4	11000000	2.7537E-10	-8.5831E-12	2.7549E-10	0.00021142	-0.000016034	0.00021201
0.091716	1.3011E-06	0.4	11000000	2.7299E-10	-8.5831E-12	2.7311E-10	0.00020981	-0.000016689	0.00021047
0.092768	1.3015E-06	0.4	11000000	2.7299E-10	-8.5831E-12	2.7311E-10	0.00020975	-0.000016093	0.00021035
0.093816	1.3004E-06	0.4	11000000	2.7299E-10	-8.5831E-12	2.7311E-10	0.00020993	-0.000016213	0.00021058
0.09485	0.0000013	0.4	11000000	2.7299E-10	-8.5831E-12	2.7311E-10	0.00020999	-0.000016213	0.00021064
0.095875	1.2989E-06	0.4	11000000	2.7299E-10	-8.5831E-12	2.7311E-10	0.00021017	-0.000015915	0.00021076
0.096926	1.3055E-06	0.4	11000000	2.7537E-10	-8.5831E-12	2.7549E-10	0.00021094	-0.000016272	0.0002116
0.097966	1.2923E-06	0.4	11000000	2.7299E-10	-8.5831E-12	2.7311E-10	0.00021124	-0.000016749	0.0002119
0.099008	1.2934E-06	0.4	11000000	2.7299E-10	-8.5831E-12	2.7311E-10	0.00021106	-0.000015736	0.0002116
0.10005	1.2872E-06	0.4	11000000	2.7299E-10	-8.5831E-12	2.7311E-10	0.00021207	-0.000016153	0.00021267
0.1011	1.2851E-06	0.4	11000000	2.7299E-10	-8.5831E-12	2.7311E-10	0.00021243	-0.000016451	0.00021309
0.10213	1.3066E-06	0.4	11000000	2.7537E-10	-8.5831E-12	2.7549E-10	0.00021076	-0.000016272	0.00021142
0.10318	1.2883E-06	0.4	11000000	2.7299E-10	-8.5831E-12	2.7311E-10	0.0002119	-0.000015557	0.00021249
0.10424	0.000001288	0.4	11000000	2.7299E-10	-8.5831E-12	2.7311E-10	0.00021195	-0.000016451	0.00021261
0.10529	1.2934E-06	0.4	11000000	2.7299E-10	-8.5831E-12	2.7311E-10	0.00021106	-0.000016391	0.00021172
0.10633	1.2953E-06	0.4	11000000	2.7299E-10	-8.5831E-12	2.7311E-10	0.00021076	-0.000015974	0.00021142
0.10739	1.3125E-06	0.4	11000000	2.7537E-10	-8.5831E-12	2.7549E-10	0.00020981	-0.000015616	0.0002104
0.10843	1.3112E-06	0.4	11000000	2.7299E-10	-1.7166E-11	2.7347E-10	0.0002082	-0.000016391	0.0002088
0.10946	1.3207E-06	0.4	11000000	2.7442E-10	-8.5831E-12	2.7454E-10	0.00020778	-0.000016153	0.00020844
0.11048	1.3299E-06	0.4	11000000	2.7537E-10	-8.5831E-12	2.7549E-10	0.00020707	-0.000015318	0.00020766
0.11151	1.3372E-06	0.4	11000000	2.7537E-10	-8.5831E-12	2.7549E-10	0.00020593	-0.000015974	0.00020659
0.11252	1.3399E-06	0.4	11000000	2.7537E-10	-8.5831E-12	2.7549E-10	0.00020552	-0.000015378	0.00020611
0.11352	1.3241E-06	0.4	11000000	2.7299E-10	-8.5831E-12	2.7311E-10	0.00020617	-0.000017047	0.00020689
0.11455	1.3291E-06	0.4	11000000	2.7299E-10	-8.5831E-12	2.7311E-10	0.0002054	-0.000015318	0.00020593
0.11555	1.3407E-06	0.4	11000000	2.7537E-10	-8.5831E-12	2.7549E-10	0.0002054	-0.000014722	0.00020593
0.11657	1.3481E-06	0.4	11000000	2.7537E-10	-8.5831E-12	2.7549E-10	0.00020427	-0.000014007	0.00020474
0.11758	1.3422E-06	0.4	11000000	2.7537E-10	-8.5831E-12	2.7549E-10	0.00020516	-0.000014246	0.00020564
0.11859	1.3376E-06	0.4	11000000	2.7537E-10	-8.5831E-12	2.7549E-10	0.00020588	-0.000015199	0.00020641
