-0.1089	-0.000042407	0.4	11000000	2.7299E-10	2.5511E-11	2.7418E-10	-6.4373E-06	0.00026894	0.000269
-0.10891	1.4118E-06	0.4	11000000	2.7299E-10	-8.5831E-12	2.7311E-10	0.00019336	-3.5763E-07	0.00019336
-0.10893	1.3521E-06	0.4	11000000	2.7537E-10	-8.5831E-12	2.7549E-10	0.00020367	-0.000014305	0.00020421
-0.10893	1.3552E-06	0.4	11000000	2.7537E-10	-8.5831E-12	2.7549E-10	0.00020319	-0.000014424	0.00020367
-0.10894	1.3361E-06	0.4	11000000	2.7299E-10	-8.5831E-12	2.7311E-10	0.00020433	-0.000014663	0.00020486
-0.10893	1.3501E-06	0.4	11000000	2.7537E-10	-8.5831E-12	2.7549E-10	0.00020397	-0.00001502	0.0002045
-0.10892	1.3462E-06	0.4	11000000	2.7537E-10	-8.5831E-12	2.7549E-10	0.00020456	-0.000014961	0.0002051
-0.10893	1.3374E-06	0.4	11000000	2.7311E-10	-8.5831E-12	2.7323E-10	0.00020421	-0.000014961	0.00020474
-0.10892	1.3432E-06	0.4	11000000	2.7502E-10	-8.5831E-12	2.7514E-10	0.00020474	-0.000014901	0.00020528
-0.10892	1.3521E-06	0.4	11000000	2.7537E-10	-8.5831E-12	2.7549E-10	0.00020367	-0.000014961	0.00020421
-0.10892	1.3473E-06	0.4	11000000	2.7537E-10	-8.5831E-12	2.7549E-10	0.00020438	-0.000015378	0.00020492
-0.10892	1.3473E-06	0.4	11000000	2.7537E-10	-8.5831E-12	2.7549E-10	0.00020438	-0.000014305	0.00020486
-0.10892	1.3548E-06	0.4	11000000	2.7537E-10	-8.5831E-12	2.7549E-10	0.00020325	-0.000014782	0.00020379
-0.10892	1.3513E-06	0.4	11000000	2.7537E-10	-8.5831E-12	2.7549E-10	0.00020379	-0.000014544	0.00020433
-0.10892	1.3302E-06	0.4	11000000	2.7299E-10	-8.5831E-12	2.7311E-10	0.00020522	-0.000015616	0.00020582
-0.10894	1.3446E-06	0.4	11000000	2.7537E-10	-8.5831E-12	2.7549E-10	0.0002048	-0.000015199	0.00020534
-0.10894	1.3436E-06	0.4	11000000	2.7478E-10	-8.5831E-12	2.749E-10	0.0002045	-0.000014782	0.00020504
-0.10894	1.3493E-06	0.4	11000000	2.7537E-10	-8.5831E-12	2.7549E-10	0.00020409	-0.000014901	0.00020456
-0.10894	1.3426E-06	0.4	11000000	2.7537E-10	-8.5831E-12	2.7549E-10	0.0002051	-0.000014663	0.00020564
-0.10894	1.3497E-06	0.4	11000000	2.7537E-10	-8.5831E-12	2.7549E-10	0.00020403	-0.000014663	0.00020456
-0.10894	1.3408E-06	0.4	11000000	2.7299E-10	-8.5831E-12	2.7311E-10	0.00020361	-0.000015438	0.00020421
-0.10894	1.3529E-06	0.4	11000000	2.7537E-10	-8.5831E-12	2.7549E-10	0.00020355	-0.00001502	0.00020409
-0.10893	1.3493E-06	0.4	11000000	2.7537E-10	-8.5831E-12	2.7549E-10	0.00020409	-0.000015855	0.00020468
-0.10894	1.3454E-06	0.4	11000000	2.7537E-10	-8.5831E-12	2.7549E-10	0.00020468	-0.000015318	0.00020528
-0.10893	1.3403E-06	0.4	11000000	2.7514E-10	-8.5831E-12	2.7526E-10	0.00020528	-0.000014961	0.00020582
-0.10873	1.3426E-06	0.4	11000000	2.7537E-10	-8.5831E-12	2.7549E-10	0.0002051	-0.000016749	0.00020576
-0.10788	1.3256E-06	0.4	11000000	2.7299E-10	-8.5831E-12	2.7311E-10	0.00020593	-0.000016153	0.00020653
-0.10689	1.3364E-06	0.4	11000000	2.7537E-10	-8.5831E-12	2.7549E-10	0.00020605	-0.00001502	0.00020659
-0.10587	1.3289E-06	0.4	11000000	2.7406E-10	-8.5831E-12	2.7418E-10	0.00020623	-0.00001508	0.00020677
-0.10481	1.3318E-06	0.4	11000000	2.7537E-10	-8.5831E-12	2.7549E-10	0.00020677	-0.000016093	0.00020742
-0.10372	1.3242E-06	0.4	11000000	2.7537E-10	-8.5831E-12	2.7549E-10	0.00020796	-0.000015199	0.00020856
-0.10268	1.3284E-06	0.4	11000000	2.7537E-10	-8.5831E-12	2.7549E-10	0.00020731	-0.00001502	0.00020784
-0.1017	1.3153E-06	0.4	11000000	2.7299E-10	-8.5831E-12	2.7311E-10	0.00020754	-0.000014961	0.00020808
-0.10069	1.3272E-06	0.4	11000000	2.7537E-10	-8.5831E-12	2.7549E-10	0.00020749	-0.00001514	0.00020802
-0.099656	1.3284E-06	0.4	11000000	2.7537E-10	-8.5831E-12	2.7549E-10	0.00020731	-0.000014842	0.00020784
-0.098624	1.3108E-06	0.4	11000000	2.7299E-10	-8.5831E-12	2.7311E-10	0.00020826	-0.000016391	0.00020892
-0.097575	1.3119E-06	0.4	11000000	2.7299E-10	-8.5831E-12	2.7311E-10	0.00020808	-0.00001502	0.00020862
-0.096543	1.3112E-06	0.4	11000000	2.7299E-10	-8.5831E-12	2.7311E-10	0.0002082	-0.00001502	0.00020874
-0.095506	1.3189E-06	0.4	11000000	2.7537E-10	-8.5831E-12	2.7549E-10	0.0002088	-0.000015438	0.00020933
-0.094465	1.3008E-06	0.4	11000000	2.7299E-10	-8.5831E-12	2.7311E-10	0.00020987	-0.000015676	0.00021047
-0.093412	1.2964E-06	0.4	11000000	2.7299E-10	-8.5831E-12	2.7311E-10	0.00021058	-0.000015318	0.00021112
-0.092349	1.3025E-06	0.4	11000000	2.7537E-10	-8.5831E-12	2.7549E-10	0.00021142	-0.000015378	0.00021195
-0.091304	1.2912E-06	0.4	11000000	2.7299E-10	-1.7166E-11	2.7347E-10	0.00021142	-0.000015855	0.00021201
-0.090252	1.2851E-06	0.4	11000000	2.7299E-10	-8.5831E-12	2.7311E-10	0.00021243	-0.000015855	0.00021303
-0.08918	1.2729E-06	0.4	11000000	2.7299E-10	-8.5831E-12	2.7311E-10	0.00021446	-0.000016093	0.00021499
-0.088118	1.2862E-06	0.4	11000000	2.7537E-10	-8.5831E-12	2.7549E-10	0.0002141	-0.000016749	0.00021476
-0.087043	1.2729E-06	0.4	11000000	2.7299E-10	-8.5831E-12	2.7311E-10	0.00021446	-0.000016749	0.00021511
-0.085985	1.2634E-06	0.4	11000000	2.7299E-10	-8.5831E-12	2.7311E-10	0.00021607	-0.000016213	0.00021666
-0.0849	1.2634E-06	0.4	11000000	2.7299E-10	-8.5831E-12	2.7311E-10	0.00021607	-0.000016749	0.00021672
-0.08382	1.2638E-06	0.4	11000000	2.7299E-10	-8.5831E-12	2.7311E-10	0.00021601	-0.000016868	0.00021666
-0.082739	1.2694E-06	0.4	11000000	2.7299E-10	-8.5831E-12	2.7311E-10	0.00021505	-0.000016868	0.00021571
-0.08166	1.2576E-06	0.4	11000000	2.7299E-10	-8.5831E-12	2.7311E-10	0.00021708	-0.000016391	0.00021768
-0.080576	1.2621E-06	0.4	11000000	2.7299E-10	-8.5831E-12	2.7311E-10	0.00021631	-0.000015855	0.0002169
-0.079497	1.2634E-06	0.4	11000000	2.7299E-10	-8.5831E-12	2.7311E-10	0.00021607	-0.000016391	0.00021672
-0.078413	0.000001261	0.4	11000000	2.7299E-10	-8.5831E-12	2.7311E-10	0.00021649	-0.000017285	0.0002172
-0.077333	1.2652E-06	0.4	11000000	2.7299E-10	-8.5831E-12	2.7311E-10	0.00021577	-0.000016689	0.00021642
-0.076256	1.2705E-06	0.4	11000000	2.7299E-10	-8.5831E-12	2.7311E-10	0.00021488	-0.000017166	0.00021553
-0.075185	1.2634E-06	0.4	11000000	2.7299E-10	-8.5831E-12	2.7311E-10	0.00021607	-0.000016153	0.00021666
-0.074101	0.00000126	0.4	11000000	2.7299E-10	-8.5831E-12	2.7311E-10	0.00021666	-0.000016272	0.00021726
-0.073036	1.2582E-06	0.4	11000000	2.7299E-10	-8.5831E-12	2.7311E-10	0.00021696	-0.000016689	0.00021762
-0.071951	1.2503E-06	0.4	11000000	2.7299E-10	-8.5831E-12	2.7311E-10	0.00021833	-0.000016809	0.00021893
-0.07087	1.2463E-06	0.4	11000000	2.7299E-10	-8.5831E-12	2.7311E-10	0.00021905	-0.000016391	0.00021964
-0.06977	1.2432E-06	0.4	11000000	2.7299E-10	-8.5831E-12	2.7311E-10	0.00021958	-0.000016749	0.00022024
-0.068668	1.2263E-06	0.4	11000000	2.6906E-10	-8.5831E-12	2.6918E-10	0.00021941	-0.000016749	0.00022
-0.067573	1.2299E-06	0.4	11000000	2.7299E-10	-8.5831E-12	2.7311E-10	0.00022197	-0.000016332	0.00022257
-0.066468	1.2285E-06	0.4	11000000	2.7299E-10	-8.5831E-12	2.7311E-10	0.00022221	-0.000017762	0.00022286
-0.065346	1.2276E-06	0.4	11000000	2.7299E-10	-8.5831E-12	2.7311E-10	0.00022239	-0.000018537	0.0002231
-0.064233	1.2019E-06	0.4	11000000	2.6679E-10	-8.5831E-12	2.6691E-10	0.00022197	-0.000017405	0.00022268
-0.063127	1.2282E-06	0.4	11000000	2.7299E-10	-8.5831E-12	2.7311E-10	0.00022227	-0.000017882	0.00022298
-0.062006	1.2295E-06	0.4	11000000	2.7299E-10	-8.5831E-12	2.7311E-10	0.00022203	-0.000018001	0.0002228
-0.060892	1.2042E-06	0.4	11000000	2.6679E-10	-8.5831E-12	2.6691E-10	0.00022155	-0.000016868	0.00022221
-0.059748	1.2295E-06	0.4	11000000	2.7299E-10	-8.5831E-12	2.7311E-10	0.00022203	-0.000016868	0.00022268
-0.058646	1.2253E-06	0.4	11000000	2.7299E-10	-8.5831E-12	2.7311E-10	0.0002228	-0.00001812	0.00022358
-0.057537	1.2032E-06	0.4	11000000	2.6679E-10	-8.5831E-12	2.6691E-10	0.00022173	-0.000017941	0.00022244
-0.056424	1.1981E-06	0.4	11000000	2.6679E-10	-8.5831E-12	2.6691E-10	0.00022268	-0.000017464	0.00022334
-0.055308	1.2194E-06	0.4	11000000	2.7299E-10	-8.5831E-12	2.7311E-10	0.00022388	-0.000017405	0.00022453
-0.054185	1.2194E-06	0.4	11000000	2.7299E-10	-8.5831E-12	2.7311E-10	0.00022388	-0.000016749	0.00022453
-0.053074	1.1865E-06	0.4	11000000	2.6691E-10	-8.5831E-12	2.6703E-10	0.00022495	-0.000017583	0.00022566
-0.051934	1.1801E-06	0.4	11000000	2.6679E-10	-1.0967E-11	2.6703E-10	0.00022608	-0.000019312	0.00022692
-0.050799	1.2024E-06	0.4	11000000	2.7299E-10	-8.5831E-12	2.7311E-10	0.00022703	-0.00001961	0.00022787
-0.049665	1.1665E-06	0.4	11000000	2.6679E-10	-8.5831E-12	2.6691E-10	0.0002287	-0.000018239	0.00022942
-0.048518	1.1819E-06	0.4	11000000	2.7299E-10	-8.5831E-12	2.7311E-10	0.00023097	-0.000017464	0.00023163
-0.047365	0.000001178	0.4	11000000	2.7299E-10	-8.5831E-12	2.7311E-10	0.00023174	-0.000019074	0.00023252
-0.046201	0.000001148	0.4	11000000	2.6679E-10	-8.5831E-12	2.6691E-10	0.0002324	-0.000018954	0.00023317
-0.04502	1.1486E-06	0.4	11000000	2.6679E-10	-8.5831E-12	2.6691E-10	0.00023228	-0.000019133	0.00023305
-0.043854	1.1439E-06	0.4	11000000	2.6679E-10	-8.5831E-12	2.6691E-10	0.00023323	-0.000019133	0.00023401
-0.042681	1.1398E-06	0.4	11000000	2.6679E-10	-8.5831E-12	2.6691E-10	0.00023407	-0.000019849	0.0002349
-0.041496	1.1439E-06	0.4	11000000	2.6679E-10	-8.5831E-12	2.6691E-10	0.00023323	-0.000018954	0.00023401
-0.040313	0.000001141	0.4	11000000	2.6679E-10	-8.5831E-12	2.6691E-10	0.00023383	-0.000018418	0.00023461
-0.03914	1.1657E-06	0.4	11000000	2.7299E-10	-1.7166E-11	2.7347E-10	0.00023419	-0.000020206	0.00023508
-0.037955	1.1369E-06	0.4	11000000	2.6679E-10	-8.5831E-12	2.6691E-10	0.00023466	-0.000019074	0.00023544
-0.036771	1.1306E-06	0.4	11000000	2.6679E-10	-8.5831E-12	2.6691E-10	0.00023598	-0.000019968	0.00023681
-0.035591	1.1192E-06	0.4	11000000	2.6691E-10	-8.5831E-12	2.6703E-10	0.00023848	-0.000020147	0.00023931
-0.034393	1.1162E-06	0.4	11000000	2.6691E-10	-8.5831E-12	2.6703E-10	0.00023913	-0.000020504	0.00023997
-0.033182	0.000001095	0.4	11000000	2.6441E-10	-8.5831E-12	2.6465E-10	0.00024146	-0.000020266	0.00024229
-0.031964	1.0904E-06	0.4	11000000	2.6679E-10	-8.5831E-12	2.6691E-10	0.00024468	-0.000020743	0.00024557
-0.030726	1.0793E-06	0.4	11000000	2.6679E-10	-8.5831E-12	2.6691E-10	0.00024718	-0.000021339	0.00024808
-0.029479	1.0564E-06	0.4	11000000	2.6441E-10	-8.5831E-12	2.6465E-10	0.00025028	-0.000021339	0.00025118
-0.028211	1.0526E-06	0.4	11000000	2.65E-10	-8.5831E-12	2.6524E-10	0.00025177	-0.000022233	0.00025278
-0.026942	1.0448E-06	0.4	11000000	2.6524E-10	-8.5831E-12	2.6536E-10	0.00025386	-0.000022829	0.00025487
-0.025653	1.0333E-06	0.4	11000000	2.6441E-10	-8.5831E-12	2.6465E-10	0.00025589	-0.000023007	0.00025684
-0.024351	0.000001024	0.4	11000000	2.6441E-10	-8.5831E-12	2.6465E-10	0.00025821	-0.000023067	0.00025928
-0.023035	1.0198E-06	0.4	11000000	2.6441E-10	-8.5831E-12	2.6465E-10	0.00025928	-0.000023305	0.0002603
-0.021727	1.0181E-06	0.4	11000000	2.6441E-10	-8.5831E-12	2.6465E-10	0.0002597	-0.000024259	0.00026083
-0.020402	9.781E-07	0.4	11000000	2.5821E-10	-8.5831E-12	2.5845E-10	0.00026399	-0.000023663	0.00026506
-0.019058	9.9753E-07	0.4	11000000	2.6441E-10	-8.5831E-12	2.6465E-10	0.00026506	-0.000023902	0.00026614
-0.017721	9.7409E-07	0.4	11000000	2.6441E-10	-1.204E-11	2.6477E-10	0.00027144	-0.000026405	0.00027269
-0.016351	9.2782E-07	0.4	11000000	2.5821E-10	-1.1802E-11	2.5857E-10	0.0002783	-0.00002718	0.00027961
-0.014928	8.9932E-07	0.4	11000000	2.5821E-10	-8.5831E-12	2.5845E-10	0.00028712	-0.000028551	0.00028855
-0.013482	8.5521E-07	0.4	11000000	2.5594E-10	-8.5831E-12	2.5606E-10	0.00029928	-0.000029743	0.00030071
-0.011969	7.987E-07	0.4	11000000	2.4974E-10	-1.0967E-11	2.4998E-10	0.00031269	-0.000032783	0.00031436
-0.010365	7.5509E-07	0.4	11000000	2.4974E-10	-8.5831E-12	2.4986E-10	0.00033075	-0.000036538	0.00033277
-0.0086786	7.1123E-07	0.4	11000000	2.4736E-10	-9.1792E-12	2.476E-10	0.0003478	-0.000040174	0.00035012
-0.0068847	6.6122E-07	0.4	11000000	2.4128E-10	-8.5831E-12	2.414E-10	0.0003649	-0.00004375	0.00036752
-0.0049855	6.3029E-07	0.4	11000000	2.389E-10	-8.5831E-12	2.3902E-10	0.00037903	-0.000047207	0.00038195
-0.0029994	6.1842E-07	0.4	11000000	2.389E-10	-8.5831E-12	2.3902E-10	0.0003863	-0.000050485	0.00038952
-0.00095141	6.063E-07	0.4	11000000	2.327E-10	-1.7166E-11	2.3329E-10	0.0003838	-0.000050307	0.00038707
0.0011235	6.1821E-07	0.4	11000000	2.327E-10	-1.0252E-11	2.3282E-10	0.00037641	-0.000048161	0.0003795
0.0031609	6.5287E-07	0.4	11000000	2.389E-10	-1.0729E-11	2.3913E-10	0.00036592	-0.000045419	0.00036872
0.005131	6.854E-07	0.4	11000000	2.4128E-10	-8.5831E-12	2.414E-10	0.00035203	-0.000040949	0.00035441
0.0070187	7.3556E-07	0.4	11000000	2.4736E-10	-1.2398E-11	2.4772E-10	0.00033629	-0.000038863	0.00033856
0.0088185	7.6866E-07	0.4	11000000	2.4736E-10	-1.7166E-11	2.4796E-10	0.00032181	-0.000035286	0.00032372
0.010539	8.0787E-07	0.4	11000000	2.4736E-10	-8.5831E-12	2.4748E-10	0.00030619	-0.000032187	0.00030792
0.012172	8.6818E-07	0.4	11000000	2.5594E-10	-8.5831E-12	2.5606E-10	0.00029481	-0.000029802	0.0002963
0.013719	9.0153E-07	0.4	11000000	2.5594E-10	-8.5831E-12	2.5606E-10	0.0002839	-0.000028074	0.00028533
0.015214	9.3673E-07	0.4	11000000	2.5594E-10	-1.7166E-11	2.5654E-10	0.00027323	-0.000026405	0.00027448
0.016645	9.6783E-07	0.4	11000000	2.5821E-10	-8.5831E-12	2.5845E-10	0.00026679	-0.000024676	0.00026798
0.018018	9.9521E-07	0.4	11000000	2.5988E-10	-8.9408E-12	2.6E-10	0.00026113	-0.000022948	0.00026214
0.01936	1.0316E-06	0.4	11000000	2.6441E-10	-1.7166E-11	2.65E-10	0.0002563	-0.000023663	0.00025738
0.020677	1.0512E-06	0.4	11000000	2.6441E-10	-1.7166E-11	2.65E-10	0.00025153	-0.000021756	0.00025243
0.021961	1.0577E-06	0.4	11000000	2.6441E-10	-8.5831E-12	2.6465E-10	0.00024998	-0.000020921	0.00025082
0.023235	1.0783E-06	0.4	11000000	2.6679E-10	-8.5831E-12	2.6691E-10	0.00024742	-0.000021279	0.00024831
0.024484	0.000001085	0.4	11000000	2.656E-10	-8.5831E-12	2.6584E-10	0.0002448	-0.000021398	0.00024575
0.02573	1.0904E-06	0.4	11000000	2.6679E-10	-8.5831E-12	2.6691E-10	0.00024468	-0.000021517	0.00024557
0.026971	1.0912E-06	0.4	11000000	2.6679E-10	-1.0848E-11	2.6703E-10	0.0002445	-0.0000211	0.00024539
0.028214	1.0909E-06	0.4	11000000	2.6679E-10	-8.5831E-12	2.6691E-10	0.00024456	-0.000021815	0.00024551
0.029456	1.0942E-06	0.4	11000000	2.6441E-10	-1.7166E-11	2.65E-10	0.00024164	-0.000020445	0.00024253
0.030674	1.1082E-06	0.4	11000000	2.6489E-10	-8.5831E-12	2.65E-10	0.00023902	-0.000020206	0.00023985
0.031889	1.1121E-06	0.4	11000000	2.6679E-10	-8.5831E-12	2.6691E-10	0.00023991	-0.000020445	0.00024074
0.033098	1.1235E-06	0.4	11000000	2.6679E-10	-1.7166E-11	2.6727E-10	0.00023747	-0.000020206	0.00023836
0.034307	1.1342E-06	0.4	11000000	2.6655E-10	-8.5831E-12	2.6667E-10	0.00023502	-0.000019252	0.0002358
0.035502	1.1378E-06	0.4	11000000	2.6679E-10	-8.5831E-12	2.6691E-10	0.00023449	-0.000019312	0.00023526
0.036675	1.1444E-06	0.4	11000000	2.6691E-10	-8.5831E-12	2.6703E-10	0.00023323	-0.000019312	0.00023401
0.037848	1.1518E-06	0.4	11000000	2.6679E-10	-1.3113E-11	2.6715E-10	0.00023163	-0.000019074	0.0002324
0.039023	1.1608E-06	0.4	11000000	2.6679E-10	-8.5831E-12	2.6691E-10	0.00022984	-0.000018418	0.00023055
0.040185	1.1614E-06	0.4	11000000	2.6679E-10	-8.5831E-12	2.6691E-10	0.00022972	-0.000019133	0.00023055
0.041337	1.1623E-06	0.4	11000000	2.6679E-10	-8.5831E-12	2.6691E-10	0.00022954	-0.000019312	0.00023037
0.042494	1.1665E-06	0.4	11000000	2.6679E-10	-8.5831E-12	2.6691E-10	0.0002287	-0.000019014	0.00022948
0.043636	0.000001165	0.4	11000000	2.6679E-10	-8.5831E-12	2.6691E-10	0.000229	-0.000018656	0.00022978
0.044749	1.1909E-06	0.4	11000000	2.7299E-10	-8.5831E-12	2.7311E-10	0.00022924	-0.000019133	0.00023007
0.045887	1.1912E-06	0.4	11000000	2.7299E-10	-8.5831E-12	2.7311E-10	0.00022918	-0.000018716	0.00022996
0.047063	1.1647E-06	0.4	11000000	2.6679E-10	-8.5831E-12	2.6691E-10	0.00022906	-0.000018299	0.00022984
0.048224	1.1662E-06	0.4	11000000	2.6679E-10	-8.5831E-12	2.6691E-10	0.00022876	-0.000018597	0.00022954
0.049385	1.1977E-06	0.4	11000000	2.7299E-10	-8.5831E-12	2.7311E-10	0.00022793	-0.000019491	0.00022876
0.050531	1.1763E-06	0.4	11000000	2.6679E-10	-8.5831E-12	2.6691E-10	0.0002268	-0.000017643	0.00022751
0.051659	1.2053E-06	0.4	11000000	2.7299E-10	-8.5831E-12	2.7311E-10	0.0002265	-0.000017583	0.00022721
0.052806	1.2142E-06	0.4	11000000	2.7299E-10	-8.5831E-12	2.7311E-10	0.00022483	-0.00001812	0.00022555
0.053939	1.2195E-06	0.4	11000000	2.7251E-10	-8.5831E-12	2.7263E-10	0.00022346	-0.000017941	0.00022417
0.055041	1.2006E-06	0.4	11000000	2.6679E-10	-1.7166E-11	2.6727E-10	0.00022221	-0.000016749	0.0002228
0.056152	1.2078E-06	0.4	11000000	2.6679E-10	-8.5831E-12	2.6691E-10	0.0002209	-0.000017226	0.00022161
0.057284	1.2052E-06	0.4	11000000	2.6679E-10	-8.5831E-12	2.6691E-10	0.00022137	-0.000017107	0.00022203
0.058411	1.2388E-06	0.4	11000000	2.7299E-10	-8.8215E-12	2.7311E-10	0.00022036	-0.000017345	0.00022101
0.059522	1.2463E-06	0.4	11000000	2.7299E-10	-8.5831E-12	2.7311E-10	0.00021905	-0.000017047	0.0002197
0.060621	0.000001242	0.4	11000000	2.7168E-10	-8.5831E-12	2.718E-10	0.00021875	-0.000016987	0.00021941
0.061736	1.2409E-06	0.4	11000000	2.7299E-10	-8.5831E-12	2.7311E-10	0.00022	-0.000017345	0.00022066
0.062839	1.2322E-06	0.4	11000000	2.7299E-10	-8.5831E-12	2.7311E-10	0.00022155	-0.000017822	0.00022221
0.063927	1.2339E-06	0.4	11000000	2.7228E-10	-8.5831E-12	2.7239E-10	0.00022066	-0.000017166	0.00022131
0.065045	1.2335E-06	0.4	11000000	2.7299E-10	-8.5831E-12	2.7311E-10	0.00022131	-0.000016809	0.00022191
0.066161	1.2375E-06	0.4	11000000	2.7299E-10	-8.5831E-12	2.7311E-10	0.0002206	-0.000017941	0.00022137
0.067262	1.2084E-06	0.4	11000000	2.6679E-10	-1.7166E-11	2.6727E-10	0.00022078	-0.000017166	0.00022143
0.068366	1.2282E-06	0.4	11000000	2.7299E-10	-8.5831E-12	2.7311E-10	0.00022227	-0.000017285	0.00022292
0.069473	1.2342E-06	0.4	11000000	2.7299E-10	-8.5831E-12	2.7311E-10	0.00022119	-0.000017047	0.00022191
0.070594	1.2342E-06	0.4	11000000	2.7299E-10	-8.5831E-12	2.7311E-10	0.00022119	-0.000017285	0.00022191
0.071696	1.2363E-06	0.4	11000000	2.7192E-10	-8.5831E-12	2.7204E-10	0.00021994	-0.000018597	0.00022072
0.072804	1.2466E-06	0.4	11000000	2.7299E-10	-8.5831E-12	2.7311E-10	0.00021899	-0.000017166	0.00021964
0.073905	0.000001248	0.4	11000000	2.7299E-10	-8.5831E-12	2.7311E-10	0.00021875	-0.000017166	0.00021941
0.075002	0.000001248	0.4	11000000	2.7299E-10	-8.5831E-12	2.7311E-10	0.00021875	-0.000017405	0.00021941
0.076103	1.2538E-06	0.4	11000000	2.7299E-10	-1.1086E-11	2.7323E-10	0.00021774	-0.000017226	0.00021839
0.077187	1.2596E-06	0.4	11000000	2.7299E-10	-8.5831E-12	2.7311E-10	0.00021672	-0.000017345	0.00021744
0.078269	1.2593E-06	0.4	11000000	2.7299E-10	-8.5831E-12	2.7311E-10	0.00021678	-0.000016391	0.00021738
0.079359	1.2607E-06	0.4	11000000	2.7299E-10	-8.5831E-12	2.7311E-10	0.00021655	-0.000015974	0.00021714
0.080431	0.000001261	0.4	11000000	2.7299E-10	-1.7166E-11	2.7347E-10	0.00021649	-0.000017882	0.0002172
0.081535	1.2593E-06	0.4	11000000	2.7299E-10	-8.5831E-12	2.7311E-10	0.00021678	-0.000016749	0.00021744
0.082618	1.2277E-06	0.4	11000000	2.6679E-10	-8.5831E-12	2.6703E-10	0.00021732	-0.000016034	0.00021792
0.083722	1.2582E-06	0.4	11000000	2.7299E-10	-1.7166E-11	2.7347E-10	0.00021696	-0.00001657	0.00021762
0.084802	1.2631E-06	0.4	11000000	2.7299E-10	-8.5831E-12	2.7311E-10	0.00021613	-0.000016689	0.00021678
0.085893	1.2607E-06	0.4	11000000	2.7299E-10	-8.5831E-12	2.7311E-10	0.00021655	-0.000016213	0.00021714
0.086976	1.2579E-06	0.4	11000000	2.7299E-10	-8.5831E-12	2.7311E-10	0.00021702	-0.000017107	0.00021768
0.088058	1.2545E-06	0.4	11000000	2.7299E-10	-8.5831E-12	2.7311E-10	0.00021762	-0.000017464	0.00021833
0.089145	1.2517E-06	0.4	11000000	2.7299E-10	-8.5831E-12	2.7311E-10	0.00021809	-0.000017882	0.00021887
0.090235	1.2569E-06	0.4	11000000	2.7299E-10	-8.5831E-12	2.7311E-10	0.0002172	-0.000016987	0.00021792
0.091323	1.2593E-06	0.4	11000000	2.7299E-10	-8.5831E-12	2.7311E-10	0.00021678	-0.000016153	0.00021738
0.092399	1.2655E-06	0.4	11000000	2.7299E-10	-1.7166E-11	2.7347E-10	0.00021571	-0.000017822	0.00021649
0.093474	1.2666E-06	0.4	11000000	2.7299E-10	-1.7166E-11	2.7347E-10	0.00021553	-0.000017166	0.00021625
0.094566	1.2741E-06	0.4	11000000	2.7537E-10	-8.5831E-12	2.7549E-10	0.00021613	-0.000015915	0.00021666
0.095649	1.2743E-06	0.4	11000000	2.7299E-10	-8.5831E-12	2.7311E-10	0.00021422	-0.000017047	0.00021488
0.09673	1.2754E-06	0.4	11000000	2.7299E-10	-8.5831E-12	2.7311E-10	0.00021404	-0.000016928	0.0002147
0.097806	1.2733E-06	0.4	11000000	2.7299E-10	-8.5831E-12	2.7311E-10	0.0002144	-0.000015915	0.00021499
0.09886	0.000001274	0.4	11000000	2.7299E-10	-8.5831E-12	2.7311E-10	0.00021428	-0.000016749	0.00021494
0.099948	1.2751E-06	0.4	11000000	2.7299E-10	-8.5831E-12	2.7311E-10	0.0002141	-0.000016928	0.00021482
0.10103	0.000001279	0.4	11000000	2.7299E-10	-8.5831E-12	2.7311E-10	0.00021344	-0.000015855	0.00021404
0.10209	1.2765E-06	0.4	11000000	2.7299E-10	-8.5831E-12	2.7311E-10	0.00021386	-0.000016451	0.00021452
0.10314	1.2804E-06	0.4	11000000	2.7299E-10	-8.5831E-12	2.7311E-10	0.00021321	-0.000016451	0.0002138
0.1042	1.2786E-06	0.4	11000000	2.7299E-10	-8.5831E-12	2.7311E-10	0.00021351	-0.000018001	0.00021428
0.10527	0.000001284	0.4	11000000	2.7299E-10	-8.5831E-12	2.7311E-10	0.00021261	-0.000017047	0.00021327
0.10633	1.2829E-06	0.4	11000000	2.7299E-10	-8.5831E-12	2.7311E-10	0.00021279	-0.000015676	0.00021339
0.1074	1.2775E-06	0.4	11000000	2.7299E-10	-8.5831E-12	2.7311E-10	0.00021368	-0.000015378	0.00021422
0.10846	1.2887E-06	0.4	11000000	2.7299E-10	-9.4176E-12	2.7311E-10	0.00021184	-0.000017047	0.00021255
0.1095	1.2783E-06	0.4	11000000	2.7299E-10	-8.5831E-12	2.7311E-10	0.00021356	-0.00001502	0.0002141
0.11055	1.2826E-06	0.4	11000000	2.7299E-10	-8.5831E-12	2.7311E-10	0.00021285	-0.00001508	0.00021339
0.11161	1.2901E-06	0.4	11000000	2.7299E-10	-8.5831E-12	2.7311E-10	0.0002116	-0.000016511	0.00021225
0.11267	1.2934E-06	0.4	11000000	2.7299E-10	-8.5831E-12	2.7311E-10	0.00021106	-0.000015736	0.00021166
0.11372	1.3114E-06	0.4	11000000	2.7537E-10	-8.5831E-12	2.7549E-10	0.00020999	-0.000015616	0.00021058
0.11477	1.2964E-06	0.4	11000000	2.7299E-10	-8.5831E-12	2.7311E-10	0.00021058	-0.000016153	0.00021112
0.11582	1.3092E-06	0.4	11000000	2.7537E-10	-8.5831E-12	2.7549E-10	0.00021035	-0.000017107	0.000211
0.11685	1.3211E-06	0.4	11000000	2.7537E-10	-8.5831E-12	2.7549E-10	0.00020844	-0.000015557	0.00020903
0.1179	1.2989E-06	0.4	11000000	2.7299E-10	-8.5831E-12	2.7311E-10	0.00021017	-0.000016451	0.00021082
0.11896	1.3066E-06	0.4	11000000	2.7537E-10	-8.5831E-12	2.7549E-10	0.00021076	-0.000014722	0.00021124
0.12001	1.3159E-06	0.4	11000000	2.7537E-10	-8.5831E-12	2.7549E-10	0.00020927	-0.000017285	0.00020999
0.12107	1.2997E-06	0.4	11000000	2.7299E-10	-8.5831E-12	2.7311E-10	0.00021005	-0.00001502	0.00021058
0.1221	1.3076E-06	0.4	11000000	2.7442E-10	-8.5831E-12	2.7454E-10	0.00020987	-0.00001502	0.0002104
0.12316	1.3014E-06	0.4	11000000	2.7335E-10	-8.5831E-12	2.7347E-10	0.00021005	-0.000016749	0.0002107
0.12423	1.2986E-06	0.4	11000000	2.7299E-10	-8.5831E-12	2.7311E-10	0.00021023	-0.000015378	0.00021076
0.12519	1.3015E-06	0.4	11000000	2.7299E-10	-8.5831E-12	2.7311E-10	0.00020975	-0.00001508	0.00021029
0.12622	1.3023E-06	0.4	11000000	2.7299E-10	-8.5831E-12	2.7311E-10	0.00020963	-0.000015259	0.00021017
0.12725	1.2956E-06	0.4	11000000	2.7299E-10	-8.5831E-12	2.7311E-10	0.0002107	-0.000015855	0.0002113
0.12832	1.3045E-06	0.4	11000000	2.7299E-10	-8.5831E-12	2.7311E-10	0.00020927	-0.000014782	0.00020981
0.12936	0.000001306	0.4	11000000	2.7299E-10	-8.5831E-12	2.7311E-10	0.00020903	-0.000014782	0.00020957
0.13038	1.3193E-06	0.4	11000000	2.7537E-10	-8.5831E-12	2.7549E-10	0.00020874	-0.000015974	0.00020933
0.13142	1.3056E-06	0.4	11000000	2.7299E-10	-8.5831E-12	2.7311E-10	0.00020909	-0.000015497	0.00020963
0.13248	1.3045E-06	0.4	11000000	2.7299E-10	-8.5831E-12	2.7311E-10	0.00020927	-0.00001508	0.00020981
0.13351	1.3045E-06	0.4	11000000	2.7299E-10	-8.5831E-12	2.7311E-10	0.00020927	-0.00001502	0.00020981
0.13455	1.3215E-06	0.4	11000000	2.7537E-10	-8.5831E-12	2.7549E-10	0.00020838	-0.000014603	0.00020892
0.1356	1.3284E-06	0.4	11000000	2.7537E-10	-8.5831E-12	2.7549E-10	0.00020731	-0.000016034	0.00020796
0.13663	1.3169E-06	0.4	11000000	2.7299E-10	-8.5831E-12	2.7311E-10	0.00020731	-0.00001508	0.00020784
0.13767	1.3249E-06	0.4	11000000	2.7537E-10	-8.5831E-12	2.7549E-10	0.00020784	-0.000015497	0.00020838
0.13871	1.3276E-06	0.4	11000000	2.7537E-10	-8.5831E-12	2.7549E-10	0.00020742	-0.000016153	0.00020808
0.13975	1.3187E-06	0.4	11000000	2.7299E-10	-8.5831E-12	2.7311E-10	0.00020701	-0.00001502	0.00020754
0.14079	1.3176E-06	0.4	11000000	2.7299E-10	-8.5831E-12	2.7311E-10	0.00020719	-0.000014722	0.00020772
0.14182	1.3303E-06	0.4	11000000	2.7537E-10	-8.5831E-12	2.7549E-10	0.00020701	-0.00001514	0.00020754
0.14285	1.3333E-06	0.4	11000000	2.7537E-10	-8.5831E-12	2.7549E-10	0.00020653	-0.000015318	0.00020707
0.1439	1.3226E-06	0.4	11000000	2.7299E-10	-8.5831E-12	2.7311E-10	0.00020641	-0.000013947	0.00020689
0.14494	1.3245E-06	0.4	11000000	2.7299E-10	-8.5831E-12	2.7311E-10	0.00020611	-0.000014544	0.00020659
0.14597	1.3372E-06	0.4	11000000	2.7537E-10	-8.5831E-12	2.7549E-10	0.00020593	-0.000014484	0.00020641
0.14699	1.3349E-06	0.4	11000000	2.7299E-10	-8.5831E-12	2.7311E-10	0.0002045	-0.00001502	0.00020504
0.14801	1.3341E-06	0.4	11000000	2.7299E-10	-8.5831E-12	2.7311E-10	0.00020462	-0.000014901	0.00020516
0.14905	1.3458E-06	0.4	11000000	2.7537E-10	-8.5831E-12	2.7549E-10	0.00020462	-0.000015855	0.00020522
0.15008	0.00000134	0.4	11000000	2.7299E-10	-8.5831E-12	2.7311E-10	0.00020373	-0.000016093	0.00020438
0.1511	1.3612E-06	0.4	11000000	2.7537E-10	-8.5831E-12	2.7549E-10	0.0002023	-0.000014722	0.00020284
0.15211	1.3544E-06	0.4	11000000	2.7537E-10	-8.5831E-12	2.7549E-10	0.00020331	-0.000013471	0.00020373
0.1531	1.3689E-06	0.4	11000000	2.7537E-10	-8.5831E-12	2.7549E-10	0.00020117	-0.00001502	0.00020176
0.15414	1.3746E-06	0.4	11000000	2.7537E-10	-8.5831E-12	2.7549E-10	0.00020033	-0.000014722	0.00020087
0.15514	1.3758E-06	0.4	11000000	2.7537E-10	-8.5831E-12	2.7549E-10	0.00020015	-0.000013471	0.00020063
0.15611	0.000001373	0.4	11000000	2.7537E-10	-8.5831E-12	2.7549E-10	0.00020057	-0.000014305	0.00020111
0.15714	0.000001409	0.4	11000000	2.7537E-10	-8.5831E-12	2.7549E-10	0.00019545	-0.000013769	0.00019592
0.15814	1.4094E-06	0.4	11000000	2.7537E-10	-8.5831E-12	2.7549E-10	0.00019538	-0.000015199	0.00019598
0.15913	1.3987E-06	0.4	11000000	2.7537E-10	-8.5831E-12	2.7549E-10	0.00019688	-0.000014126	0.00019741
0.16009	1.3975E-06	0.4	11000000	2.7537E-10	-8.5831E-12	2.7549E-10	0.00019705	-0.000015199	0.00019759
0.16104	1.4059E-06	0.4	11000000	2.7478E-10	-8.5831E-12	2.749E-10	0.00019545	-0.000014007	0.00019592
0.16201	1.3987E-06	0.4	11000000	2.7537E-10	-8.5831E-12	2.7549E-10	0.00019688	-0.000013411	0.00019735
0.163	1.3895E-06	0.4	11000000	2.7537E-10	-8.5831E-12	2.7549E-10	0.00019819	-0.000014484	0.00019872
0.16399	1.4098E-06	0.4	11000000	2.7537E-10	-8.5831E-12	2.7549E-10	0.00019532	-0.000013709	0.0001958
0.16496	1.4107E-06	0.4	11000000	2.7537E-10	-8.5831E-12	2.7549E-10	0.00019521	-0.000014603	0.00019574
0.16593	1.4094E-06	0.4	11000000	2.7537E-10	-8.5831E-12	2.7549E-10	0.00019538	-0.000013292	0.0001958
0.16691	1.4504E-06	0.4	11000000	2.8157E-10	-8.5831E-12	2.8169E-10	0.00019413	-0.000013292	0.00019461
0.16791	1.4246E-06	0.4	11000000	2.7537E-10	-8.5831E-12	2.7549E-10	0.0001933	-0.000013709	0.00019378
0.16884	1.4233E-06	0.4	11000000	2.7537E-10	-8.5831E-12	2.7549E-10	0.00019348	-0.000013947	0.00019395
0.16978	1.4159E-06	0.4	11000000	2.7537E-10	-8.5831E-12	2.7549E-10	0.00019449	-0.000013113	0.00019491
0.17077	1.4167E-06	0.4	11000000	2.7537E-10	-8.5831E-12	2.7549E-10	0.00019437	-0.000013888	0.00019485
0.17175	0.000001456	0.4	11000000	2.7537E-10	-8.5831E-12	2.7549E-10	0.00018913	-0.000014603	0.00018966
0.17272	1.4321E-06	0.4	11000000	2.7537E-10	-8.5831E-12	2.7549E-10	0.00019229	-0.000015557	0.00019294
0.17368	1.4574E-06	0.4	11000000	2.7537E-10	-8.5831E-12	2.7549E-10	0.00018895	-0.000014722	0.00018948
0.17462	0.000001437	0.4	11000000	2.7537E-10	-8.5831E-12	2.7549E-10	0.00019163	-0.000012815	0.00019211
0.17557	1.4326E-06	0.4	11000000	2.7537E-10	-8.5831E-12	2.7549E-10	0.00019223	-0.000014544	0.00019276
0.17657	1.4277E-06	0.4	11000000	2.7537E-10	-8.5831E-12	2.7549E-10	0.00019288	-0.000012756	0.0001933
0.1775	1.4379E-06	0.4	11000000	2.7537E-10	-8.5831E-12	2.7549E-10	0.00019151	-0.000010729	0.00019181
0.17844	1.4483E-06	0.4	11000000	2.7537E-10	-8.5831E-12	2.7549E-10	0.00019014	-0.000012338	0.0001905
0.17936	1.4478E-06	0.4	11000000	2.7537E-10	-8.5831E-12	2.7549E-10	0.0001902	-0.000015676	0.00019086
0.18031	1.4433E-06	0.4	11000000	2.7537E-10	-8.5831E-12	2.7549E-10	0.0001908	-0.00001353	0.00019127
0.18123	1.4317E-06	0.4	11000000	2.7537E-10	-8.5831E-12	2.7549E-10	0.00019234	-0.000014961	0.00019294
0.18216	1.4224E-06	0.4	11000000	2.7537E-10	-8.5831E-12	2.7549E-10	0.0001936	-0.000016391	0.00019431
0.18313	1.4442E-06	0.4	11000000	2.7537E-10	-8.5831E-12	2.7549E-10	0.00019068	-0.000013769	0.00019115
0.18406	1.4804E-06	0.4	11000000	2.8157E-10	-8.5831E-12	2.8169E-10	0.0001902	-0.000012517	0.00019062
0.18499	1.4735E-06	0.4	11000000	2.8157E-10	-1.4901E-11	2.8193E-10	0.00019109	-0.000013232	0.00019157
0.18592	1.4583E-06	0.4	11000000	2.7537E-10	-8.5831E-12	2.7549E-10	0.00018883	-0.000013947	0.0001893
0.18686	1.4593E-06	0.4	11000000	2.7537E-10	-8.5831E-12	2.7549E-10	0.00018871	-0.000012815	0.00018919
0.1878	0.000001469	0.4	11000000	2.7537E-10	-8.5831E-12	2.7549E-10	0.00018746	-0.000011384	0.00018782
0.18876	1.4588E-06	0.4	11000000	2.7537E-10	-8.5831E-12	2.7549E-10	0.00018877	-0.000012219	0.00018919
0.18968	1.4653E-06	0.4	11000000	2.7537E-10	-8.5831E-12	2.7549E-10	0.00018793	-0.000010789	0.00018823
0.19058	1.4505E-06	0.4	11000000	2.7537E-10	-8.5831E-12	2.7549E-10	0.00018984	-0.000011981	0.0001902
0.19152	1.4676E-06	0.4	11000000	2.7537E-10	-8.5831E-12	2.7549E-10	0.00018764	-0.000014305	0.00018817
0.19244	1.4616E-06	0.4	11000000	2.7537E-10	-8.5831E-12	2.7549E-10	0.00018841	-0.000011742	0.00018877
0.1934	1.4832E-06	0.4	11000000	2.7537E-10	-8.5831E-12	2.7549E-10	0.00018567	-0.000014722	0.00018626
0.19432	1.4537E-06	0.4	11000000	2.7537E-10	-8.5831E-12	2.7549E-10	0.00018942	-0.00001055	0.00018972
0.19524	1.5333E-06	0.4	11000000	2.8157E-10	-8.5831E-12	2.8169E-10	0.00018364	-0.000010252	0.00018394
0.19617	1.5127E-06	0.4	11000000	2.8157E-10	-8.5831E-12	2.8169E-10	0.00018615	-0.000011206	0.0001865
0.19707	0.000001476	0.4	11000000	2.7537E-10	-8.5831E-12	2.7549E-10	0.00018656	-0.000011146	0.00018692
0.19801	1.4718E-06	0.4	11000000	2.7537E-10	-8.5831E-12	2.7549E-10	0.0001871	-0.000011921	0.00018746
0.19889	1.4908E-06	0.4	11000000	2.7537E-10	-8.5831E-12	2.7549E-10	0.00018472	-9.8348E-06	0.00018501
0.19982	1.4723E-06	0.4	11000000	2.7537E-10	-8.5831E-12	2.7549E-10	0.00018704	-9.4176E-06	0.00018728
0.20076	1.5622E-06	0.4	11000000	2.8157E-10	-8.5831E-12	2.8169E-10	0.00018024	-0.000013113	0.00018072
0.20165	1.5252E-06	0.4	11000000	2.799E-10	-8.5831E-12	2.8002E-10	0.00018352	-0.000011742	0.00018388
0.20255	0.000001501	0.4	11000000	2.7537E-10	-8.5831E-12	2.7549E-10	0.00018346	-0.000015378	0.00018412
0.20344	1.5403E-06	0.4	11000000	2.8157E-10	-8.5831E-12	2.8169E-10	0.00018281	-0.000013173	0.00018328
0.20433	1.5268E-06	0.4	11000000	2.8157E-10	-8.5831E-12	2.8169E-10	0.00018442	-0.000013292	0.00018484
0.20524	0.000001572	0.4	11000000	2.8157E-10	-8.5831E-12	2.8169E-10	0.00017911	-0.000014305	0.00017971
0.20613	1.5741E-06	0.4	11000000	2.8157E-10	-8.5831E-12	2.8169E-10	0.00017887	-0.000015616	0.00017953
0.20698	1.5575E-06	0.4	11000000	2.8157E-10	-8.5831E-12	2.8169E-10	0.00018078	-0.000011981	0.0001812
0.20783	1.5457E-06	0.4	11000000	1.6881E-09	4.3035E-10	1.7421E-09	0.0010921	0.00023806	0.0010921
0.0021015	1.8942E-06	0.4	11000000	5.5945E-10	7.6771E-11	5.647E-10	0.00029534	6.8546E-06	0.0002954
-0.089248	1.3828E-06	0.4	11000000	2.9004E-10	-4.8876E-12	2.9016E-10	0.00020975	-0.000013471	0.00021017
-0.10301	1.3376E-06	0.4	11000000	2.7537E-10	-8.5831E-12	2.7549E-10	0.00020588	-0.000015497	0.00020647
-0.10452	1.3399E-06	0.4	11000000	2.7514E-10	-8.5831E-12	2.7526E-10	0.00020534	-0.00001502	0.00020588
-0.10403	1.3252E-06	0.4	11000000	2.7299E-10	-8.5831E-12	2.7311E-10	0.00020599	-0.000014544	0.00020647
-0.10317	1.3326E-06	0.4	11000000	2.7537E-10	-8.5831E-12	2.7549E-10	0.00020665	-0.000014961	0.00020719
-0.10222	1.3172E-06	0.4	11000000	2.7299E-10	-8.5831E-12	2.7311E-10	0.00020725	-0.000015378	0.00020784
-0.10126	1.3241E-06	0.4	11000000	2.7299E-10	-8.5831E-12	2.7311E-10	0.00020617	-0.000014722	0.00020671
-0.10024	1.3172E-06	0.4	11000000	2.7299E-10	-8.5831E-12	2.7311E-10	0.00020725	-0.000014603	0.00020778
-0.099232	1.3104E-06	0.4	11000000	2.7299E-10	-8.5831E-12	2.7311E-10	0.00020832	-0.000014901	0.00020886
-0.09821	1.3157E-06	0.4	11000000	2.7299E-10	-8.5831E-12	2.7311E-10	0.00020749	-0.000015616	0.00020808
-0.097205	1.3093E-06	0.4	11000000	2.7299E-10	-8.5831E-12	2.7311E-10	0.0002085	-0.000016153	0.00020915
-0.096171	1.3245E-06	0.4	11000000	2.7514E-10	-8.5831E-12	2.7526E-10	0.00020772	-0.000015318	0.00020832
-0.095139	1.3121E-06	0.4	11000000	2.7537E-10	-8.5831E-12	2.7549E-10	0.00020987	-0.000015557	0.00021047
