# Fri Oct  8 18:34:51 2021
# tf = 5.0
# dt = 0.01
# [[-50.   0.  -1.   0.   0.   0.   0.   0.   0.   0.   0.   0.]
#  [  0.  50.   0.  -1.   0.   0.   0.   0.   0.   0.   0.   0.]
#  [ -1.   0.   0.   0.   0.   0.   0.   0.   0.   0.   0.   0.]
#  [  0.  -1.   0.   0.   0.   0.   0.   0.   0.   0.   0.   0.]
#  [  0.   0.   0.   0.  50.   0.   0.   0.   0.   0.   0.   0.]
#  [  0.   0.   0.   0.   0. -50.   0.   0.   0.   0.   0.   0.]
#  [  0.   0.   0.   0.   0.   0.  42.   0.   0.   0.   0.   0.]
#  [  0.   0.   0.   0.   0.   0.   0. -58.   0.   0.   0.   0.]
#  [  0.   0.   0.   0.   0.   0.   0.   0.   0.   0.  -1.   0.]
#  [  0.   0.   0.   0.   0.   0.   0.   0.   0.   0.   0.  -1.]
#  [  0.   0.   0.   0.   0.   0.   0.   0.  -1.   0.   0.   0.]
#  [  0.   0.   0.   0.   0.   0.   0.   0.   0.  -1.   0.   0.]]
# [[ 0.  0. -1.  0.  0.  0.  0.  0.  0.  0.  0.  0.]
#  [ 0.  0.  0. -1.  0.  0.  0.  0.  0.  0.  0.  0.]
#  [-1.  0.  0.  0. -1.  0.  0.  0.  0.  0.  0.  0.]
#  [ 0. -1.  0.  0.  0. -1.  0.  0.  0.  0.  0.  0.]
#  [ 0.  0. -1.  0.  0.  0. -1.  0. -1.  0.  0.  0.]
#  [ 0.  0.  0. -1.  0.  0.  0. -1.  0. -1.  0.  0.]
#  [ 0.  0.  0.  0. -1.  0. -8.  0.  0.  0.  0.  0.]
#  [ 0.  0.  0.  0.  0. -1.  0. -8.  0.  0.  0.  0.]
#  [ 0.  0.  0.  0. -1.  0.  0.  0.  0.  0. -1.  0.]
#  [ 0.  0.  0.  0.  0. -1.  0.  0.  0.  0.  0. -1.]
#  [ 0.  0.  0.  0.  0.  0.  0.  0. -1.  0.  0.  0.]
#  [ 0.  0.  0.  0.  0.  0.  0.  0.  0. -1.  0.  0.]]
9.996004793608949113e-01 0.000000000000000000e+00 0.000000000000000000e+00 4.998002396804474556e-01
3.995206391052883821e-04 0.000000000000000000e+00 0.000000000000000000e+00 1.997603195526441910e-04
0.000000000000000000e+00 0.000000000000000000e+00 0.000000000000000000e+00 0.000000000000000000e+00
1.000000000000000000e+00 0.000000000000000000e+00 0.000000000000000000e+00 -5.000000000000000000e-01
0.000000000000000000e+00 0.000000000000000000e+00 0.000000000000000000e+00 0.000000000000000000e+00
0.000000000000000000e+00 0.000000000000000000e+00 0.000000000000000000e+00 0.000000000000000000e+00
