-0.11645	8.6799E-07	1	11000000	7.5245E-10	2.1219E-11	7.5269E-10	0.00086689	-0.0001905	0.00088764
-0.11655	1.2384E-06	1	11000000	7.0978E-10	0	7.0978E-10	0.00057316	-0.00004673	0.00057507
-0.11656	1.2871E-06	1	11000000	7.0978E-10	0	7.0978E-10	0.00055147	-0.000033379	0.00055242
-0.11654	1.2771E-06	1	11000000	7.0978E-10	0	7.0978E-10	0.00055576	-0.000034332	0.00055695
-0.11653	1.2636E-06	1	11000000	7.0978E-10	-2.1458E-11	7.1025E-10	0.00056172	-0.000035763	0.00056291
-0.11641	1.2815E-06	1	11000000	7.0978E-10	-5.9605E-12	7.0978E-10	0.00055385	-0.000036717	0.00055504
-0.11646	1.2893E-06	1	11000000	7.0978E-10	0	7.0978E-10	0.00055051	-0.00003767	0.00055194
-0.11652	0.000001262	1	11000000	7.0978E-10	0	7.0978E-10	0.00056243	-0.000036478	0.00056362
-0.1165	1.2598E-06	1	11000000	7.0978E-10	0	7.0978E-10	0.00056339	-0.000036717	0.00056458
-0.11654	1.2652E-06	1	11000000	7.0978E-10	0	7.0978E-10	0.000561	-0.000035525	0.0005622
-0.11654	1.2598E-06	1	11000000	7.0978E-10	0	7.0978E-10	0.00056339	-0.000035525	0.00056458
-0.11655	1.2487E-06	1	11000000	7.0978E-10	-2.0027E-11	7.1001E-10	0.00056839	-0.000037909	0.00056959
-0.11648	1.2508E-06	1	11000000	7.0978E-10	0	7.0978E-10	0.00056744	-0.00003767	0.00056863
-0.11655	1.2535E-06	1	11000000	7.0978E-10	0	7.0978E-10	0.00056625	-0.000036955	0.00056744
-0.11651	1.2461E-06	1	11000000	7.0978E-10	0	7.0978E-10	0.00056959	-0.000037909	0.00057102
-0.11572	1.2121E-06	1	11000000	7.0978E-10	-2.1458E-11	7.1001E-10	0.00058556	-0.000039578	0.00058675
-0.11466	1.1971E-06	1	11000000	7.0382E-10	-2.1458E-11	7.0405E-10	0.00058794	-0.000041008	0.00058937
-0.11354	1.1903E-06	1	11000000	7.0382E-10	0	7.0382E-10	0.00059128	-0.000039339	0.00059247
-0.11244	0.000001187	1	11000000	7.0382E-10	-2.1458E-11	7.0405E-10	0.00059295	-0.000039339	0.00059438
-0.11131	1.1918E-06	1	11000000	7.0382E-10	-2.1458E-11	7.0405E-10	0.00059057	-0.000039101	0.00059176
-0.1102	1.1951E-06	1	11000000	7.0382E-10	0	7.0382E-10	0.0005889	-0.000039578	0.00059033
-0.10911	1.2029E-06	1	11000000	7.0382E-10	0	7.0382E-10	0.00058508	-0.000041247	0.00058675
-0.10799	1.2229E-06	1	11000000	7.0382E-10	-1.1683E-11	7.0405E-10	0.00057555	-0.00003767	0.00057674
-0.10685	1.2508E-06	1	11000000	7.0978E-10	0	7.0978E-10	0.00056744	-0.000036717	0.00056863
-0.10577	1.2256E-06	1	11000000	7.0978E-10	0	7.0978E-10	0.00057912	-0.000039101	0.00058055
-0.1047	1.2641E-06	1	11000000	7.0978E-10	0	7.0978E-10	0.00056148	-0.00003624	0.00056267
-0.10363	1.3068E-06	1	11000000	7.0978E-10	-9.5368E-13	7.0978E-10	0.00054312	-0.000034332	0.00054407
-0.10259	0.000001312	1	11000000	7.0978E-10	0	7.0978E-10	0.00054097	-0.000034332	0.00054217
-0.10154	1.3392E-06	1	11000000	7.0978E-10	0	7.0978E-10	0.00053001	-0.000033856	0.00053096
-0.10054	1.3126E-06	1	11000000	7.0978E-10	0	7.0978E-10	0.00054074	-0.000031948	0.00054169
-0.099507	1.3023E-06	1	11000000	7.0978E-10	0	7.0978E-10	0.00054503	-0.000035286	0.00054622
-0.09849	1.2771E-06	1	11000000	7.0978E-10	0	7.0978E-10	0.00055576	-0.000037432	0.00055695
-0.097411	0.000001242	1	11000000	7.0978E-10	0	7.0978E-10	0.00057149	-0.000039816	0.00057292
-0.096333	0.000001186	1	11000000	7.0382E-10	0	7.0382E-10	0.00059343	-0.000044584	0.0005951
-0.09521	1.1549E-06	1	11000000	7.0382E-10	-2.1458E-11	7.0405E-10	0.0006094	-0.000047684	0.00061107
-0.094052	1.1297E-06	1	11000000	7.0382E-10	0	7.0382E-10	0.00062299	-0.000047684	0.0006249
-0.092884	1.0944E-06	1	11000000	6.8832E-10	0	6.8832E-10	0.00062895	-0.000050307	0.0006311
-0.091697	0.000001078	1	11000000	6.8856E-10	-2.1458E-11	6.8879E-10	0.00063873	-0.000048876	0.00064063
-0.090457	1.0804E-06	1	11000000	6.8856E-10	-2.1458E-11	6.8879E-10	0.0006373	-0.000047684	0.0006392
-0.089262	1.0911E-06	1	11000000	6.8832E-10	0	6.8832E-10	0.00063086	-0.000048638	0.00063277
-0.088024	1.0919E-06	1	11000000	6.8832E-10	-2.1458E-11	6.8856E-10	0.00063038	-0.000046253	0.00063205
-0.086847	1.1061E-06	1	11000000	6.8832E-10	-2.1458E-11	6.8856E-10	0.00062228	-0.000047207	0.00062394
-0.085661	1.1513E-06	1	11000000	7.0382E-10	-2.1458E-11	7.0405E-10	0.00061131	-0.000046492	0.00061322
-0.084473	0.000001178	1	11000000	7.0382E-10	-2.1458E-11	7.0405E-10	0.00059748	-0.000043631	0.00059891
-0.083311	1.2088E-06	1	11000000	7.0382E-10	0	7.0382E-10	0.00058222	-0.00003767	0.00058341
-0.082182	1.2577E-06	1	11000000	7.0978E-10	0	7.0978E-10	0.00056434	-0.000036001	0.00056553
-0.081103	1.2577E-06	1	11000000	7.0978E-10	-2.1458E-11	7.1001E-10	0.00056434	-0.000036717	0.00056553
-0.079943	1.2815E-06	1	11000000	7.0978E-10	0	7.0978E-10	0.00055385	-0.000033856	0.0005548
-0.078909	1.2932E-06	1	11000000	7.0978E-10	0	7.0978E-10	0.00054884	-0.000033856	0.0005498
-0.077816	1.2799E-06	1	11000000	7.0978E-10	0	7.0978E-10	0.00055457	-0.000036001	0.00055576
-0.076775	1.2717E-06	1	11000000	7.0978E-10	-2.3842E-12	7.0978E-10	0.00055814	-0.000036001	0.00055933
-0.075748	1.2378E-06	1	11000000	7.0978E-10	0	7.0978E-10	0.0005734	-0.000039101	0.00057483
-0.074647	1.1971E-06	1	11000000	7.0382E-10	-2.1458E-11	7.0405E-10	0.00058794	-0.000037909	0.0005889
-0.073373	1.1627E-06	1	11000000	7.0382E-10	0	7.0382E-10	0.00060535	-0.000045061	0.00060702
-0.07221	1.1402E-06	1	11000000	7.0382E-10	-2.1458E-11	7.0405E-10	0.00061727	-0.000047207	0.00061894
-0.071038	1.0915E-06	1	11000000	6.8832E-10	0	6.8832E-10	0.00063062	-0.000049114	0.00063253
-0.069956	1.0536E-06	1	11000000	6.8832E-10	-2.1458E-11	6.8856E-10	0.00065327	-0.000051499	0.00065542
-0.068747	1.0377E-06	1	11000000	6.8832E-10	-2.1458E-11	6.8856E-10	0.00066328	-0.000052691	0.00066543
-0.067454	1.0259E-06	1	11000000	6.8832E-10	-2.1458E-11	6.8856E-10	0.00067091	-0.000055075	0.00067306
-0.066164	1.0223E-06	1	11000000	6.8832E-10	-2.1458E-11	6.8856E-10	0.0006733	-0.000055075	0.00067544
-0.064883	1.0234E-06	1	11000000	6.8832E-10	-2.1458E-11	6.8856E-10	0.00067258	-0.000054837	0.00067473
-0.063586	1.0322E-06	1	11000000	6.8832E-10	0	6.8832E-10	0.00066686	-0.000053168	0.00066901
-0.062304	1.0649E-06	1	11000000	6.8856E-10	-8.1063E-12	6.8856E-10	0.0006466	-0.000050307	0.0006485
-0.061016	1.0952E-06	1	11000000	6.8832E-10	-2.1458E-11	6.8856E-10	0.00062847	-0.000047684	0.00063038
-0.059784	1.1451E-06	1	11000000	7.0167E-10	0	7.0167E-10	0.00061274	-0.000045538	0.00061441
-0.058579	1.1874E-06	1	11000000	7.0382E-10	0	7.0382E-10	0.00059271	-0.000040055	0.0005939
-0.057445	1.2216E-06	1	11000000	7.0978E-10	0	7.0978E-10	0.00058103	-0.000039816	0.00058246
-0.056337	1.2353E-06	1	11000000	7.0978E-10	-2.1458E-11	7.1001E-10	0.00057459	-0.000036717	0.00057578
-0.055228	1.2373E-06	1	11000000	7.0978E-10	0	7.0978E-10	0.00057364	-0.000039339	0.00057507
-0.054117	1.1937E-06	1	11000000	7.0382E-10	0	7.0382E-10	0.00058961	-0.000039816	0.00059081
-0.053019	1.1349E-06	1	11000000	7.0382E-10	-2.1458E-11	7.0405E-10	0.00062013	-0.000046969	0.00062204
-0.051882	1.0602E-06	1	11000000	6.8832E-10	-2.1458E-11	6.8856E-10	0.00064922	-0.000051975	0.00065113
-0.050657	1.0241E-06	1	11000000	6.8856E-10	-5.2452E-12	6.8856E-10	0.00067234	-0.000052929	0.00067425
-0.049382	9.8963E-07	1	11000000	6.826E-10	-2.1458E-11	6.8283E-10	0.00068975	-0.000054837	0.00069189
-0.048076	9.778E-07	1	11000000	6.826E-10	-2.1458E-11	6.8283E-10	0.00069809	-0.000056029	0.00070024
-0.046774	9.7216E-07	1	11000000	6.826E-10	-2.1458E-11	6.8283E-10	0.00070215	-0.000057221	0.00070453
-0.045387	9.6854E-07	1	11000000	6.826E-10	-2.1458E-11	6.8283E-10	0.00070477	-0.000058174	0.00070715
-0.044032	0.000000963	1	11000000	6.826E-10	-2.1458E-11	6.8283E-10	0.00070882	-0.000058174	0.00071121
-0.042634	9.7547E-07	1	11000000	6.826E-10	-2.1458E-11	6.8283E-10	0.00069976	-0.000056029	0.00070191
-0.041247	9.8656E-07	1	11000000	6.826E-10	-2.1458E-11	6.8283E-10	0.00069189	-0.000056505	0.00069428
-0.039859	1.0049E-06	1	11000000	6.826E-10	-2.1458E-11	6.8283E-10	0.00067926	-0.000055075	0.0006814
-0.038546	1.0422E-06	1	11000000	6.8832E-10	-2.1458E-11	6.8856E-10	0.00066042	-0.000050545	0.00066257
-0.037265	1.0622E-06	1	11000000	6.8856E-10	-2.1458E-11	6.8879E-10	0.00064826	-0.000050783	0.00065041
-0.035988	1.1151E-06	1	11000000	6.8832E-10	-2.1458E-11	6.8856E-10	0.00061727	-0.00004673	0.00061894
-0.034777	1.1686E-06	1	11000000	7.0382E-10	-2.1458E-11	7.0405E-10	0.00060225	-0.000039578	0.00060368
-0.033662	1.1813E-06	1	11000000	7.0382E-10	-2.1458E-11	7.0405E-10	0.00059581	-0.000038147	0.000597
-0.032527	1.1411E-06	1	11000000	7.0382E-10	-2.1458E-11	7.0405E-10	0.00061679	-0.000041008	0.00061799
-0.031382	1.0736E-06	1	11000000	6.8832E-10	-2.1458E-11	6.8856E-10	0.00064111	-0.000048161	0.00064278
-0.030129	0.000001001	1	11000000	6.8832E-10	-2.1458E-11	6.8856E-10	0.0006876	-0.000054837	0.00068975
-0.028846	9.3045E-07	1	11000000	6.826E-10	-2.1458E-11	6.8283E-10	0.00073362	-0.000063181	0.00073624
-0.027446	8.6225E-07	1	11000000	6.671E-10	-2.1458E-11	6.6734E-10	0.00077367	-0.000066519	0.00077653
-0.025986	8.2407E-07	1	11000000	6.6114E-10	-2.1458E-11	6.6161E-10	0.00080228	-0.000079394	0.0008061
-0.024429	7.9297E-07	1	11000000	6.6114E-10	-2.1458E-11	6.6161E-10	0.00083375	-0.000079871	0.00083757
-0.022797	7.6325E-07	1	11000000	6.4564E-10	-2.1458E-11	6.4612E-10	0.00084591	-0.000092268	0.00085092
-0.021186	7.6132E-07	1	11000000	6.4564E-10	-2.1458E-11	6.4612E-10	0.00084806	-0.000088931	0.00085259
-0.019498	7.631E-07	1	11000000	6.4588E-10	-2.1458E-11	6.4612E-10	0.00084639	-0.000080824	0.00085044
-0.01782	8.0071E-07	1	11000000	6.4564E-10	-2.1458E-11	6.4612E-10	0.00080634	-0.000078679	0.00081015
-0.016163	8.5166E-07	1	11000000	6.6114E-10	-2.1458E-11	6.6161E-10	0.00077629	-0.000073195	0.00077987
-0.014584	9.332E-07	1	11000000	6.6948E-10	-2.1458E-11	6.6996E-10	0.0007174	-0.000059367	0.00071979
-0.013142	9.8963E-07	1	11000000	6.826E-10	-2.1458E-11	6.8283E-10	0.00068975	-0.000051499	0.00069166
-0.011749	9.9483E-07	1	11000000	6.8832E-10	-2.1458E-11	6.8856E-10	0.00069189	-0.000052691	0.00069404
-0.010377	9.2325E-07	1	11000000	6.826E-10	-2.1458E-11	6.8283E-10	0.00073934	-0.000072003	0.00074292
-0.0090067	6.9902E-07	1	11000000	6.4564E-10	-2.1458E-11	6.4612E-10	0.00092364	-0.00010419	0.0009296
-0.0073219	4.3736E-07	1	11000000	5.8175E-10	-2.1458E-11	5.8198E-10	0.0013301	-0.00022817	0.0013497
-0.0048699	2.3782E-07	1	11000000	4.5371E-10	0	4.5371E-10	0.0019078	-0.0004673	0.0019641
-0.0010174	2.3652E-07	1	11000000	4.1104E-10	3.0995E-12	4.1104E-10	0.0017378	-0.00038719	0.0017805
0.0033794	4.8671E-07	1	11000000	5.5457E-10	0	5.5457E-10	0.0011394	-0.00016785	0.0011516
0.0064414	7.6752E-07	1	11000000	6.3992E-10	-2.1458E-11	6.4016E-10	0.00083375	-0.000079632	0.00083757
0.0085011	9.3641E-07	1	11000000	6.671E-10	-2.1458E-11	6.6734E-10	0.0007124	-0.00005126	0.00071431
0.01003	9.2804E-07	1	11000000	6.826E-10	-2.1458E-11	6.8283E-10	0.00073553	-0.000053168	0.00073743
0.011385	8.5097E-07	1	11000000	6.671E-10	-2.1458E-11	6.6734E-10	0.00078392	-0.000069142	0.00078679
0.012827	8.0261E-07	1	11000000	6.6114E-10	-2.1458E-11	6.6161E-10	0.00082374	-0.000079394	0.00082756
0.014408	7.5621E-07	1	11000000	6.4564E-10	-2.1458E-11	6.4612E-10	0.00085378	-0.000088931	0.00085831
0.016074	7.4131E-07	1	11000000	6.4564E-10	-2.1458E-11	6.4612E-10	0.00087095	-0.000091315	0.00087572
0.017802	7.2737E-07	1	11000000	6.3992E-10	-2.1458E-11	6.4016E-10	0.00087977	-0.000095845	0.00088477
0.019567	7.458E-07	1	11000000	6.4564E-10	-2.1458E-11	6.4612E-10	0.0008657	-0.000094414	0.00087095
0.021271	7.6153E-07	1	11000000	6.4564E-10	-2.1458E-11	6.4612E-10	0.00084782	-0.0000875	0.00085235
0.022921	7.8881E-07	1	11000000	6.4564E-10	-2.1458E-11	6.4612E-10	0.0008185	-0.000080348	0.00082231
0.024556	8.7347E-07	1	11000000	6.6328E-10	-2.1458E-11	6.6352E-10	0.00075937	-0.000071526	0.00076271
0.026014	9.8724E-07	1	11000000	6.826E-10	-2.1458E-11	6.8283E-10	0.00069142	-0.00005579	0.00069356
0.027399	1.0748E-06	1	11000000	6.8832E-10	-2.1458E-11	6.8856E-10	0.0006404	-0.000049353	0.0006423
0.028669	1.1803E-06	1	11000000	7.0382E-10	-2.1458E-11	7.0405E-10	0.00059629	-0.000038386	0.00059748
0.029848	1.2446E-06	1	11000000	7.0978E-10	0	7.0978E-10	0.0005703	-0.000034571	0.00057126
0.030876	1.2535E-06	1	11000000	7.0978E-10	0	7.0978E-10	0.00056625	-0.00003624	0.00056744
0.032024	1.2176E-06	1	11000000	7.0978E-10	0	7.0978E-10	0.00058294	-0.000043392	0.00058461
0.033235	1.1879E-06	1	11000000	7.0382E-10	-5.9605E-12	7.0382E-10	0.00059247	-0.000039339	0.0005939
0.034445	1.1415E-06	1	11000000	7.0382E-10	-4.7684E-13	7.0382E-10	0.00061655	-0.000042677	0.00061799
0.035596	1.0468E-06	1	11000000	6.8856E-10	-2.1458E-11	6.8879E-10	0.0006578	-0.00005126	0.00065995
0.036829	1.0227E-06	1	11000000	6.8832E-10	-1.0729E-11	6.8832E-10	0.00067306	-0.000053644	0.00067544
0.038101	9.7414E-07	1	11000000	6.826E-10	-2.1458E-11	6.8283E-10	0.00070072	-0.000056744	0.0007031
0.039462	9.5817E-07	1	11000000	6.826E-10	-2.1458E-11	6.8283E-10	0.0007124	-0.000066042	0.00071526
0.04081	9.4645E-07	1	11000000	6.826E-10	-2.1458E-11	6.8283E-10	0.00072122	-0.000059128	0.0007236
0.042189	9.1858E-07	1	11000000	6.671E-10	-2.1458E-11	6.6734E-10	0.00072623	-0.000059367	0.00072885
0.043645	9.1081E-07	1	11000000	6.671E-10	0	6.671E-10	0.00073243	-0.000066281	0.00073553
0.045036	9.4457E-07	1	11000000	6.826E-10	-2.1458E-11	6.8283E-10	0.00072265	-0.00006032	0.00072527
0.046528	9.778E-07	1	11000000	6.826E-10	-2.1458E-11	6.8283E-10	0.00069809	-0.000056744	0.00070024
0.047892	1.0113E-06	1	11000000	6.826E-10	-2.1458E-11	6.8283E-10	0.00067497	-0.000053168	0.00067711
0.049191	1.0494E-06	1	11000000	6.8832E-10	-2.1458E-11	6.8856E-10	0.00065589	-0.000050783	0.0006578
0.050476	1.1464E-06	1	11000000	7.0382E-10	-2.1458E-11	7.0405E-10	0.00061393	-0.000046492	0.0006156
0.051663	1.1971E-06	1	11000000	7.0382E-10	0	7.0382E-10	0.00058794	-0.00003767	0.00058914
0.052797	1.2153E-06	1	11000000	7.0382E-10	0	7.0382E-10	0.00057912	-0.000036001	0.00058031
0.053909	1.2097E-06	1	11000000	7.0978E-10	-1.1921E-12	7.0978E-10	0.00058675	-0.000039578	0.00058818
0.054953	1.1738E-06	1	11000000	7.0382E-10	-2.1458E-11	7.0405E-10	0.00059963	-0.000041008	0.00060106
0.056075	1.1696E-06	1	11000000	7.0382E-10	0	7.0382E-10	0.00060177	-0.000041962	0.00060344
0.057313	1.1464E-06	1	11000000	7.0382E-10	-7.1526E-13	7.0382E-10	0.00061393	-0.000046015	0.0006156
0.058467	1.0764E-06	1	11000000	6.8832E-10	-2.1458E-11	6.8856E-10	0.00063944	-0.000049591	0.00064135
0.059675	1.0602E-06	1	11000000	6.8832E-10	-2.1458E-11	6.8856E-10	0.00064922	-0.000049353	0.00065113
0.060924	1.0544E-06	1	11000000	6.8832E-10	-2.1458E-11	6.8856E-10	0.00065279	-0.000050545	0.0006547
0.062147	1.0494E-06	1	11000000	6.8832E-10	-2.1458E-11	6.8856E-10	0.00065589	-0.000051022	0.0006578
0.063388	1.0392E-06	1	11000000	6.8856E-10	-2.1458E-11	6.8879E-10	0.00066257	-0.000052214	0.00066471
0.064654	1.0248E-06	1	11000000	6.8856E-10	-2.1458E-11	6.8879E-10	0.00067187	-0.000052452	0.00067378
0.066049	1.0396E-06	1	11000000	6.8832E-10	0	6.8832E-10	0.00066209	-0.000054837	0.00066448
0.06741	1.0544E-06	1	11000000	6.8832E-10	-2.1458E-11	6.8856E-10	0.00065279	-0.000050068	0.00065446
0.068667	1.0653E-06	1	11000000	6.8832E-10	0	6.8832E-10	0.00064612	-0.000051022	0.00064802
0.069823	1.0965E-06	1	11000000	6.8832E-10	-2.1458E-11	6.8856E-10	0.00062776	-0.000047684	0.00062943
0.071043	1.1295E-06	1	11000000	6.8832E-10	0	6.8832E-10	0.0006094	-0.000045777	0.00061107
0.072239	1.1813E-06	1	11000000	7.0382E-10	-2.1458E-11	7.0405E-10	0.00059581	-0.000041724	0.00059724
0.073368	1.2216E-06	1	11000000	7.0978E-10	0	7.0978E-10	0.00058103	-0.000039101	0.00058246
0.074476	1.2598E-06	1	11000000	7.0978E-10	-1.8358E-11	7.0978E-10	0.00056339	-0.000036001	0.00056458
0.075539	1.2717E-06	1	11000000	7.0978E-10	-5.7221E-12	7.0978E-10	0.00055814	-0.000035286	0.00055933
0.076635	1.2593E-06	1	11000000	7.0978E-10	-1.0014E-11	7.0978E-10	0.00056362	-0.000036717	0.00056482
0.077529	1.2394E-06	1	11000000	7.0978E-10	-2.1458E-11	7.1001E-10	0.00057268	-0.000036717	0.00057388
0.078312	0.000001178	1	11000000	7.0382E-10	-2.1458E-11	7.0405E-10	0.00059748	-0.000040531	0.00059891
0.079332	1.1433E-06	1	11000000	7.0382E-10	0	7.0382E-10	0.0006156	-0.000044823	0.00061727
0.080513	0.000001128	1	11000000	7.0382E-10	-9.5368E-12	7.0382E-10	0.00062394	-0.000047445	0.00062561
0.081812	1.1182E-06	1	11000000	7.0382E-10	-2.1458E-11	7.0405E-10	0.00062943	-0.000048876	0.00063134
0.083242	1.0768E-06	1	11000000	6.8832E-10	0	6.8832E-10	0.0006392	-0.000050545	0.00064111
0.084521	1.0602E-06	1	11000000	6.8832E-10	-2.1458E-11	6.8856E-10	0.00064922	-0.000052452	0.00065136
0.085823	1.0645E-06	1	11000000	6.8832E-10	-2.1458E-11	6.8856E-10	0.0006466	-0.000047207	0.00064826
0.087014	1.0696E-06	1	11000000	6.8856E-10	-2.1458E-11	6.8879E-10	0.00064373	-0.000051975	0.00064588
0.088228	1.0813E-06	1	11000000	6.8832E-10	-2.1458E-11	6.8856E-10	0.00063658	-0.000046492	0.00063825
0.089444	0.000001138	1	11000000	7.0382E-10	-2.1458E-11	7.0405E-10	0.00061846	-0.00004673	0.00062037
0.09068	1.1803E-06	1	11000000	7.0382E-10	0	7.0382E-10	0.00059629	-0.000045061	0.00059796
0.091848	1.2103E-06	1	11000000	7.0382E-10	0	7.0382E-10	0.00058151	-0.000039578	0.00058294
0.09297	1.2508E-06	1	11000000	7.0978E-10	-2.1458E-11	7.1001E-10	0.00056744	-0.000038147	0.00056887
0.094071	1.2572E-06	1	11000000	7.0978E-10	-1.2875E-11	7.0978E-10	0.00056458	-0.000037909	0.00056577
0.095196	1.2572E-06	1	11000000	7.0978E-10	0	7.0978E-10	0.00056458	-0.000043869	0.00056625
0.096252	1.2524E-06	1	11000000	7.0978E-10	0	7.0978E-10	0.00056673	-0.000038386	0.00056792
0.097273	1.2508E-06	1	11000000	7.0978E-10	0	7.0978E-10	0.00056744	-0.000035048	0.00056863
0.098334	1.2409E-06	1	11000000	7.0978E-10	0	7.0978E-10	0.00057197	-0.000036717	0.00057316
0.099479	1.2317E-06	1	11000000	7.0978E-10	0	7.0978E-10	0.00057626	-0.000040055	0.00057769
0.10057	1.1874E-06	1	11000000	7.0382E-10	0	7.0382E-10	0.00059271	-0.000038863	0.0005939
0.10165	1.1677E-06	1	11000000	7.0382E-10	-5.2452E-12	7.0382E-10	0.00060273	-0.000043869	0.00060416
0.1028	1.1576E-06	1	11000000	7.0382E-10	-2.861E-12	7.0382E-10	0.00060797	-0.000041485	0.0006094
0.10394	1.1549E-06	1	11000000	7.0382E-10	0	7.0382E-10	0.0006094	-0.000045061	0.00061107
0.10509	1.1371E-06	1	11000000	7.0382E-10	0	7.0382E-10	0.00061894	-0.000046492	0.00062061
0.10598	1.1354E-06	1	11000000	7.0382E-10	-2.1458E-11	7.0405E-10	0.00061989	-0.000044346	0.00062132
0.10722	1.1006E-06	1	11000000	6.8832E-10	-2.1458E-11	6.8856E-10	0.00062538	-0.000046015	0.00062705
0.10862	1.1061E-06	1	11000000	6.8832E-10	-2.0027E-11	6.8856E-10	0.00062228	-0.000046969	0.00062394
0.10988	1.1464E-06	1	11000000	7.0382E-10	0	7.0382E-10	0.00061393	-0.00004673	0.00061584
0.11091	1.1581E-06	1	11000000	7.0382E-10	-2.1458E-11	7.0405E-10	0.00060773	-0.000047207	0.0006094
0.11205	1.1794E-06	1	11000000	7.0382E-10	-2.1458E-11	7.0405E-10	0.00059676	-0.000044346	0.00059843
0.11334	1.2399E-06	1	11000000	7.0978E-10	0	7.0978E-10	0.00057245	-0.000037909	0.00057364
0.11445	1.2508E-06	1	11000000	7.0978E-10	0	7.0978E-10	0.00056744	-0.000036478	0.00056863
0.11551	1.2524E-06	1	11000000	7.0978E-10	-1.4544E-11	7.0978E-10	0.00056673	-0.000036001	0.00056792
0.11662	1.2572E-06	1	11000000	7.0978E-10	0	7.0978E-10	0.00056458	-0.000037194	0.00056577
0.11776	1.2572E-06	1	11000000	7.0978E-10	0	7.0978E-10	0.00056458	-0.000036955	0.00056577
0.1188	1.2514E-06	1	11000000	7.0978E-10	0	7.0978E-10	0.0005672	-0.000036717	0.00056839
0.11988	1.2389E-06	1	11000000	7.0978E-10	-2.1458E-11	7.1001E-10	0.00057292	-0.000037909	0.00057412
0.12099	1.2327E-06	1	11000000	7.0978E-10	0	7.0978E-10	0.00057578	-0.000036717	0.00057698
0.12208	1.2201E-06	1	11000000	7.0978E-10	0	7.0978E-10	0.00058175	-0.000038386	0.00058294
